大限/流年,天干,地支,大限宮位,本命宮位,主星1,主星1本命四化,主星1大限四化,主星1流年四化,主星2,主星2本命四化,主星2大限四化,主星2流年四化,本命祿存,大限祿存,流年祿存,本命擎羊,大限擎羊,流年擎羊,本命陀羅,大限陀羅,流年陀羅,火星,鈴星,地空,地劫,本命紅鸞,流年紅鸞,本命天喜,流年天喜,文昌,文昌本命四化,文昌大限四化,文昌流年四化,文曲,文曲本命四化,文曲大限四化,文曲流年四化,左輔,左輔本命四化,左輔大限四化,左輔流年四化,右弼,右弼本命四化,右弼大限四化,右弼流年四化,boshi
本命,甲,子, ,父母,廉貞, , , ,天相, , , , , , , , , , , , , , , , , , , , , , , , , , , , , , , , , , , , ,奏書
本命,乙,丑, ,福德,天梁, , , , , , , , , , , , , , , , , , , , , , , , , , , , , , , , , , , , , , , , ,將軍
本命,甲,寅, ,田宅,七殺, , , , , , , , , , , , , , , , , ,1, , , , , , , , , , , , , , , , , , , , , , ,小耗
本命,乙,卯, ,官祿,天同, , , , , , , , , , , , , , , , , , , ,1,1, , , , , , , , , , , , , , , , , , , ,青龍
本命,丙,辰, ,僕役,武曲, , , , , , , , , , , , , ,1, , , , , , , , , , , , , , , , , , , , , , , , , , ,力士
本命,丁,巳, ,遷移,太陽, , , , , , , ,1, , , , , , , , , , , , , , , , , , , , , , , , , , , , , , , , ,博士
本命,戊,午, ,疾厄,破軍, , , , , , , , , , ,1, , , , , ,1, , , , , , , ,1, , , , , , , , , , , , , , , ,官符
本命,己,未, ,財帛,天機,忌, , , , , , , , , , , , , , , , , ,1, , , , , , , , , , , , , , , , , , , , , ,伏兵
本命,庚,申, ,子女,紫微, , , ,天府, , , , , , , , , , , , , , , , , , , , , , , , ,1, , , , , , , , , , , ,大耗
本命,辛,酉, ,夫妻,太陰,權, , , , , , , , , , , , , , , , , , , , , ,1, , , , , , , , , , , , , ,1,科, , ,病符
本命,壬,戌, ,兄弟,貪狼,祿, , , , , , , , , , , , , , , , , , , , , , , , , , , , , , , , , , , , , , , ,喜神
本命,癸,亥, ,命宮,巨門, , , , , , , , , , , , , , , , , , , , , , , , , , , , , , , , , , , , , , , , ,蜚廉
1限,甲,子,大父,父母,廉貞, , , ,天相, , , , ,1, , , , , , , , , , , , , , , , , , , , , , , , , , , , , , , ,奏書
1限,乙,丑,大福,福德,天梁, , , , , , , , , , , ,1, , , , , , , , , , , , , , , , , , , , , , , , , , , , ,將軍
1限,甲,寅,大田,田宅,七殺, , , , , , , , , , , , , , , , , ,1, , , , , , , , , , , , , , , , , , , , , , ,小耗
1限,乙,卯,大官,官祿,天同, , , , , , , , , , , , , , , , , , , ,1,1, , , , , , , , , , , , , , , , , , , ,青龍
1限,丙,辰,大僕,僕役,武曲, , , , , , , , , , , , , ,1, , , , , , , , , , , , , , , , , , , , , , , , , , ,力士
1限,丁,巳,大遷,遷移,太陽, , , , , , , ,1, , , , , , , , , , , , , , , , , , , , , , , , , , , , , , , , ,博士
1限,戊,午,大疾,疾厄,破軍, ,祿, , , , , , , , ,1, , , , , ,1, , , , , , , ,1, , , , , , , , , , , , , , , ,官符
1限,己,未,大財,財帛,天機,忌, , , , , , , , , , , , , , , , , ,1, , , , , , , , , , , , , , , , , , , , , ,伏兵
1限,庚,申,大子,子女,紫微, , , ,天府, , , , , , , , , , , , , , , , , , , , , , , , ,1, , , , , , , , , , , ,大耗
1限,辛,酉,大夫,夫妻,太陰,權,科, , , , , , , , , , , , , , , , , , , , ,1, , , , , , , , , , , , , ,1,科, , ,病符
1限,壬,戌,大兄,兄弟,貪狼,祿,忌, , , , , , , , , , , , , , , , , , , , , , , , , , , , , , , , , , , , , , ,喜神
1限,癸,亥,大命,命宮,巨門, ,權, , , , , , , , , , , , ,1, , , , , , , , , , , , , , , , , , , , , , , , , ,蜚廉
1950,甲,子,大父,父母,廉貞, , , ,天相, , ,忌, ,1, , , , , , , , , , , , , , , , , , , , , , , , , , , , , , , ,奏書
1950,乙,丑,大福,福德,天梁, , , , , , , , , , , ,1, , , , , , , , , ,1, , , , , , , , , , , , , , , , , , ,將軍
1950,甲,寅,大田,田宅,七殺, , , , , , , , , , , , , , , , , ,1, , , , , , , , , , , , , , , , , , , , , , ,小耗
1950,乙,卯,大官,官祿,天同, , ,科, , , , , , , , , , , , , , , , ,1,1, , , , , , , , , , , , , , , , , , , ,青龍
1950,丙,辰,大僕,僕役,武曲, , ,權, , , , , , , , , , ,1, , , , , , , , , , , , , , , , , , , , , , , , , , ,力士
1950,丁,巳,大遷,遷移,太陽, , ,祿, , , , ,1, , , , , , , , , , , , , , , , , , , , , , , , , , , , , , , , ,博士
1950,戊,午,大疾,疾厄,破軍, ,祿, , , , , , , , ,1, , , , , ,1, , , , , , , ,1, , , , , , , , , , , , , , , ,官符
1950,己,未,大財,財帛,天機,忌, , , , , , , , , , , , , , ,1, , ,1, , , , , , , , , , , , , , , , , , , , , ,伏兵
1950,庚,申,大子,子女,紫微, , , ,天府, , , , , ,1, , , , , , , , , , , , , , , , , , ,1, , , , , , , , , , , ,大耗
1950,辛,酉,大夫,夫妻,太陰,權,科, , , , , , , , , , ,1, , , , , , , , , ,1, , , , , , , , , , , , , ,1,科, , ,病符
1950,壬,戌,大兄,兄弟,貪狼,祿,忌, , , , , , , , , , , , , , , , , , , , , , , , , , , , , , , , , , , , , , ,喜神
1950,癸,亥,大命,命宮,巨門, ,權, , , , , , , , , , , , ,1, , , , , , , , , , , , , , , , , , , , , , , , , ,蜚廉
1951,甲,子,大父,父母,廉貞, , , ,天相, , , , ,1, , , , , , , , , , , , ,1, , , , , , , , , , , , , , , , , , ,奏書
1951,乙,丑,大福,福德,天梁, , , , , , , , , , , ,1, , , , , , , , , , , , , , , , , , , , , , , , , , , , ,將軍
1951,甲,寅,大田,田宅,七殺, , , , , , , , , , , , , , , , , ,1, , , , , , , , , , , , , , , , , , , , , , ,小耗
1951,乙,卯,大官,官祿,天同, , , , , , , , , , , , , , , , , , , ,1,1, , , , , , , , , , , , , , , , , , , ,青龍
1951,丙,辰,大僕,僕役,武曲, , , , , , , , , , , , , ,1, , , , , , , , , , , , , , , , , , , , , , , , , , ,力士
1951,丁,巳,大遷,遷移,太陽, , ,權, , , , ,1, , , , , , , , , , , , , , , , , , , , , , , , , , , , , , , , ,博士
1951,戊,午,大疾,疾厄,破軍, ,祿, , , , , , , , ,1, , , , , ,1, , , , , , ,1,1, , ,忌, , , , , , , , , , , , ,官符
1951,己,未,大財,財帛,天機,忌, , , , , , , , , , , , , , , , , ,1, , , , , , , , , , , , , , , , , , , , , ,伏兵
1951,庚,申,大子,子女,紫微, , , ,天府, , , , , , , , , , , ,1, , , , , , , , , , , , ,1, , ,科, , , , , , , , ,大耗
1951,辛,酉,大夫,夫妻,太陰,權,科, , , , , , , ,1, , , , , , , , , , , , ,1, , , , , , , , , , , , , ,1,科, , ,病符
1951,壬,戌,大兄,兄弟,貪狼,祿,忌, , , , , , , , , , ,1, , , , , , , , , , , , , , , , , , , , , , , , , , , ,喜神
1951,癸,亥,大命,命宮,巨門, ,權,祿, , , , , , , , , , , ,1, , , , , , , , , , , , , , , , , , , , , , , , , ,蜚廉
1952,甲,子,大父,父母,廉貞, , , ,天相, , , , ,1, , , ,1, , , , , , , , , , , , , , , , , , , , , , , , , , , ,奏書
1952,乙,丑,大福,福德,天梁, , ,祿, , , , , , , , ,1, , , , , , , , , , , , , , , , , , , , , , , , , , , , ,將軍
1952,甲,寅,大田,田宅,七殺, , , , , , , , , , , , , , , , , ,1, , , , , , , , , , , , , , , , , , , , , , ,小耗
1952,乙,卯,大官,官祿,天同, , , , , , , , , , , , , , , , , , , ,1,1, , , , , , , , , , , , , , , , , , , ,青龍
1952,丙,辰,大僕,僕役,武曲, , ,忌, , , , , , , , , , ,1, , , , , , , , , , , , , , , , , , , , , , , , , , ,力士
1952,丁,巳,大遷,遷移,太陽, , , , , , , ,1, , , , , , , , , , , , , , , ,1, , , , , , , , ,1, , ,科, , , , ,博士
1952,戊,午,大疾,疾厄,破軍, ,祿, , , , , , , , ,1, , , , , ,1, , , , , , , ,1, , , , , , , , , , , , , , , ,官符
1952,己,未,大財,財帛,天機,忌, , , , , , , , , , , , , , , , , ,1, , , , , , , , , , , , , , , , , , , , , ,伏兵
1952,庚,申,大子,子女,紫微, , ,權,天府, , , , , , , , , , , , , , , , , , , , , , , , ,1, , , , , , , , , , , ,大耗
1952,辛,酉,大夫,夫妻,太陰,權,科, , , , , , , , , , , , , , , , , , , , ,1, , , , , , , , , , , , , ,1,科, , ,病符
1952,壬,戌,大兄,兄弟,貪狼,祿,忌, , , , , , , , , , , , , ,1, , , , , , , , , , , , , , , , , , , , , , , , ,喜神
1952,癸,亥,大命,命宮,巨門, ,權, , , , , , , ,1, , , , ,1, , , , , , , , , , , , , , , , , , , , , , , , , ,蜚廉
1953,甲,子,大父,父母,廉貞, , , ,天相, , , , ,1,1, , , , , , , , , , , , , , , , , , , , , , , , , , , , , , ,奏書
1953,乙,丑,大福,福德,天梁, , , , , , , , , , , ,1,1, , , , , , , , , , , , , , , , , , , , , , , , , , , ,將軍
1953,甲,寅,大田,田宅,七殺, , , , , , , , , , , , , , , , , ,1, , , , , , , , , , , , , , , , , , , , , , ,小耗
1953,乙,卯,大官,官祿,天同, , , , , , , , , , , , , , , , , , , ,1,1, , , , , , , , , , , , , , , , , , , ,青龍
1953,丙,辰,大僕,僕役,武曲, , , , , , , , , , , , , ,1, , , , , , , , , ,1, , , , , , , , , , , , , , , , ,力士
1953,丁,巳,大遷,遷移,太陽, , , , , , , ,1, , , , , , , , , , , , , , , , , , , , , , , , , , , , , , , , ,博士
1953,戊,午,大疾,疾厄,破軍, ,祿,祿, , , , , , , ,1, , , , , ,1, , , , , , , ,1, , , , , , , , , , , , , , , ,官符
1953,己,未,大財,財帛,天機,忌, , , , , , , , , , , , , , , , , ,1, , , , , , , , , , , , , , , , , , , , , ,伏兵
1953,庚,申,大子,子女,紫微, , , ,天府, , , , , , , , , , , , , , , , , , , , , , , , ,1, , , , , , , , , , , ,大耗
1953,辛,酉,大夫,夫妻,太陰,權,科,科, , , , , , , , , , , , , , , , , , , ,1, , , , , , , , , , , , , ,1,科, , ,病符
1953,壬,戌,大兄,兄弟,貪狼,祿,忌,忌, , , , , , , , , , , , , , , , , , ,1, , , , , , , , , , , , , , , , , , ,喜神
1953,癸,亥,大命,命宮,巨門, ,權,權, , , , , , , , , , , ,1,1, , , , , , , , , , , , , , , , , , , , , , , , ,蜚廉
1954,甲,子,大父,父母,廉貞, , ,祿,天相, , , , ,1, , , , , , , , , , , , , , , , , , , , , , , , , , , , , , , ,奏書
1954,乙,丑,大福,福德,天梁, , , , , , , , , , , ,1, , , ,1, , , , , , , , , , , , , , , , , , , , , , , , ,將軍
1954,甲,寅,大田,田宅,七殺, , , , , , , , , ,1, , , , , , , ,1, , , , , , , , , , , , , , , , , , , , , , ,小耗
1954,乙,卯,大官,官祿,天同, , , , , , , , , , , , ,1, , , , , , ,1,1, , , , , , , , , , , , , , , , , , , ,青龍
1954,丙,辰,大僕,僕役,武曲, , ,科, , , , , , , , , , ,1, , , , , , , , , , , , , , , , , , , , , , , , , , ,力士
1954,丁,巳,大遷,遷移,太陽, , ,忌, , , , ,1, , , , , , , , , , , , , , , , , , , , , , , , , , , , , , , , ,博士
1954,戊,午,大疾,疾厄,破軍, ,祿,權, , , , , , , ,1, , , , , ,1, , , , , , , ,1, , , , , , , , , , , , , , , ,官符
1954,己,未,大財,財帛,天機,忌, , , , , , , , , , , , , , , , , ,1, , , , , , , , , , , , , , , , , , , , , ,伏兵
1954,庚,申,大子,子女,紫微, , , ,天府, , , , , , , , , , , , , , , , , , , , , , , , ,1, , , , , , , , , , , ,大耗
1954,辛,酉,大夫,夫妻,太陰,權,科, , , , , , , , , , , , , , , , , , , ,1,1, , , , , , , , , , , , , ,1,科, , ,病符
1954,壬,戌,大兄,兄弟,貪狼,祿,忌, , , , , , , , , , , , , , , , , , , , , , , , , , , , , , , , , , , , , , ,喜神
1954,癸,亥,大命,命宮,巨門, ,權, , , , , , , , , , , , ,1, , , , , , , , , , , , , , , , , , , , , , , , , ,蜚廉
1955,甲,子,大父,父母,廉貞, , , ,天相, , , , ,1, , , , , , , , , , , , , , , , , , , , , , , , , , , , , , , ,奏書
1955,乙,丑,大福,福德,天梁, , ,權, , , , , , , , ,1, , , , , , , , , , , , , , , , , , , , , , , , , , , , ,將軍
1955,甲,寅,大田,田宅,七殺, , , , , , , , , , , , , , , ,1, ,1, , , , , , , , , , , , , , , , , , , , , , ,小耗
1955,乙,卯,大官,官祿,天同, , , , , , , , , ,1, , , , , , , , , ,1,1, , , , , , , , , , , , , , , , , , , ,青龍
1955,丙,辰,大僕,僕役,武曲, , , , , , , , , , , , ,1,1, , , , , , , , , , , , , , , , , , , , , , , , , , ,力士
1955,丁,巳,大遷,遷移,太陽, , , , , , , ,1, , , , , , , , , , , , , , , , , , , , , , , , , , , , , , , , ,博士
1955,戊,午,大疾,疾厄,破軍, ,祿, , , , , , , , ,1, , , , , ,1, , , , , , , ,1, , , , , , , , , , , , , , , ,官符
1955,己,未,大財,財帛,天機,忌, ,祿, , , , , , , , , , , , , , , ,1, , , , , , , , , , , , , , , , , , , , , ,伏兵
1955,庚,申,大子,子女,紫微, , ,科,天府, , , , , , , , , , , , , , , , , ,1, , , , , , ,1, , , , , , , , , , , ,大耗
1955,辛,酉,大夫,夫妻,太陰,權,科,忌, , , , , , , , , , , , , , , , , , , ,1, , , , , , , , , , , , , ,1,科, , ,病符
1955,壬,戌,大兄,兄弟,貪狼,祿,忌, , , , , , , , , , , , , , , , , , , , , , , , , , , , , , , , , , , , , , ,喜神
1955,癸,亥,大命,命宮,巨門, ,權, , , , , , , , , , , , ,1, , , , , , , , , , , , , , , , , , , , , , , , , ,蜚廉
1956,甲,子,大父,父母,廉貞, , ,忌,天相, , , , ,1, , , , , , , , , , , , , , , , , , , , , , , , , , , , , , , ,奏書
1956,乙,丑,大福,福德,天梁, , , , , , , , , , , ,1, , , , , , , , , , , ,1, , , , , , , , , , , , , , , , ,將軍
1956,甲,寅,大田,田宅,七殺, , , , , , , , , , , , , , , , , ,1, , , , , , , , , , , , , , , , , , , , , , ,小耗
1956,乙,卯,大官,官祿,天同, , ,祿, , , , , , , , , , , , , , , , ,1,1, , , , , , , , , , , , , , , , , , , ,青龍
1956,丙,辰,大僕,僕役,武曲, , , , , , , , , , , , , ,1, ,1, , , , , , , , , , , , , , , , , , , , , , , , ,力士
1956,丁,巳,大遷,遷移,太陽, , , , , , , ,1, ,1, , , , , , , , , , , , , , , , , , , , , , , , , , , , , , ,博士
1956,戊,午,大疾,疾厄,破軍, ,祿, , , , , , , , ,1, ,1, , , ,1, , , , , , , ,1, , ,科, , , , , , , , , , , , ,官符
1956,己,未,大財,財帛,天機,忌, ,權, , , , , , , , , , , , , , , ,1, , ,1, , , , , , , , , , , , , , , , , , ,伏兵
1956,庚,申,大子,子女,紫微, , , ,天府, , , , , , , , , , , , , , , , , , , , , , , , ,1, , , , , , , , , , , ,大耗
1956,辛,酉,大夫,夫妻,太陰,權,科, , , , , , , , , , , , , , , , , , , , ,1, , , , , , , , , , , , , ,1,科, , ,病符
1956,壬,戌,大兄,兄弟,貪狼,祿,忌, , , , , , , , , , , , , , , , , , , , , , , , , , , , , , , , , , , , , , ,喜神
1956,癸,亥,大命,命宮,巨門, ,權, , , , , , , , , , , , ,1, , , , , , , , , , , , , , , , , , , , , , , , , ,蜚廉
1957,甲,子,大父,父母,廉貞, , , ,天相, , , , ,1, , , , , , , , , , , , , , ,1, , , , , , , , , , , , , , , , ,奏書
1957,乙,丑,大福,福德,天梁, , , , , , , , , , , ,1, , , , , , , , , , , , , , , , , , , , , , , , , , , , ,將軍
1957,甲,寅,大田,田宅,七殺, , , , , , , , , , , , , , , , , ,1, , , , , , , , , , , , , , , , , , , , , , ,小耗
1957,乙,卯,大官,官祿,天同, , ,權, , , , , , , , , , , , , , , , ,1,1, , , , , , , , , , , , , , , , , , , ,青龍
1957,丙,辰,大僕,僕役,武曲, , , , , , , , , , , , , ,1, , , , , , , , , , , , , , , , , , , , , , , , , , ,力士
1957,丁,巳,大遷,遷移,太陽, , , , , , , ,1, , , , , , , ,1, , , , , , , , , , , , , , , , , , , , , , , , ,博士
1957,戊,午,大疾,疾厄,破軍, ,祿, , , , , , , ,1,1, , , , , ,1, , , , , , , ,1, , , , , , , , , , , , , , , ,官符
1957,己,未,大財,財帛,天機,忌, ,科, , , , , , , , , ,1, , , , , ,1, , , , , , , , , , , , , , , , , , , , , ,伏兵
1957,庚,申,大子,子女,紫微, , , ,天府, , , , , , , , , , , , , , , , , , , , , , , , ,1, , , , , , , , , , , ,大耗
1957,辛,酉,大夫,夫妻,太陰,權,科,祿, , , , , , , , , , , , , , , , , , , ,1, , , , , , , , , , , , , ,1,科, , ,病符
1957,壬,戌,大兄,兄弟,貪狼,祿,忌, , , , , , , , , , , , , , , , , , , , , , , , , , , , , , , , , , , , , , ,喜神
1957,癸,亥,大命,命宮,巨門, ,權,忌, , , , , , , , , , , ,1, , , , , , , , , , , , , , , , , , , , , , , , , ,蜚廉
1958,甲,子,大父,父母,廉貞, , , ,天相, , , , ,1, , , , , , , , , , , , , , , , , , , , , , , , , , , , , , , ,奏書
1958,乙,丑,大福,福德,天梁, , , , , , , , , , , ,1, , , , , , , , , , , , , , , , , , , , , , , , , , , , ,將軍
1958,甲,寅,大田,田宅,七殺, , , , , , , , , , , , , , , , , ,1, , , , , , , , , , , , , , , , , , , , , , ,小耗
1958,乙,卯,大官,官祿,天同, , , , , , , , , , , , , , , , , , , ,1,1, , , , , , , , , , , , , , , , , , , ,青龍
1958,丙,辰,大僕,僕役,武曲, , , , , , , , , , , , , ,1, ,1, , , , , , , , , , , , , , , , , , , , , , , , ,力士
1958,丁,巳,大遷,遷移,太陽, , , , , , , ,1, ,1, , , , , , , , , , , , , , , , , , , , , , , , , , , , , , ,博士
1958,戊,午,大疾,疾厄,破軍, ,祿, , , , , , , , ,1, ,1, , , ,1, , , , , , , ,1, , , , , , , , , , , , , , , ,官符
1958,己,未,大財,財帛,天機,忌, ,忌, , , , , , , , , , , , , , , ,1, , , , , , , , , , , , , , , , , , , , , ,伏兵
1958,庚,申,大子,子女,紫微, , , ,天府, , , , , , , , , , , , , , , , , , , , , , , , ,1, , , , , , , , , , , ,大耗
1958,辛,酉,大夫,夫妻,太陰,權,科,權, , , , , , , , , , , , , , , , , , , ,1, , , , , , , , , , , , , ,1,科, ,科,病符
1958,壬,戌,大兄,兄弟,貪狼,祿,忌,祿, , , , , , , , , , , , , , , , , , , , , , , , , , , , , , , , , , , , , ,喜神
1958,癸,亥,大命,命宮,巨門, ,權, , , , , , , , , , , , ,1, , , , , , , , ,1, , , , , , , , , , , , , , , , ,蜚廉
1959,甲,子,大父,父母,廉貞, , , ,天相, , , , ,1, , , , , , , , , , , , , , , , , , , , , , , , , , , , , , , ,奏書
1959,乙,丑,大福,福德,天梁, , ,科, , , , , , , , ,1, , , , , , , , , , , , , , , , , , , , , , , , , , , , ,將軍
1959,甲,寅,大田,田宅,七殺, , , , , , , , , , , , , , , , , ,1, , , , , , , , , , , , , , , , , , , , , , ,小耗
1959,乙,卯,大官,官祿,天同, , , , , , , , , , , , , , , , , , , ,1,1, , , , , , , , , , , , , , , , , , , ,青龍
1959,丙,辰,大僕,僕役,武曲, , ,祿, , , , , , , , , , ,1, , , , , , , ,1, , , , , , , , , , , , , , , , , , ,力士
1959,丁,巳,大遷,遷移,太陽, , , , , , , ,1, , , , , , , ,1, , , , , , , , , , , , , , , , , , , , , , , , ,博士
1959,戊,午,大疾,疾厄,破軍, ,祿, , , , , , , ,1,1, , , , , ,1, , , , , , , ,1, , , , , , , , , , , , , , , ,官符
1959,己,未,大財,財帛,天機,忌, , , , , , , , , , , ,1, , , , , ,1, , , , , , , , , , , , , , , , , , , , , ,伏兵
1959,庚,申,大子,子女,紫微, , , ,天府, , , , , , , , , , , , , , , , , , , , , , , , ,1, , ,忌, , , , , , , , ,大耗
1959,辛,酉,大夫,夫妻,太陰,權,科, , , , , , , , , , , , , , , , , , , , ,1, , , , , , , , , , , , , ,1,科, , ,病符
1959,壬,戌,大兄,兄弟,貪狼,祿,忌,權, , , , , , , , , , , , , , , , , , , , ,1, , , , , , , , , , , , , , , , ,喜神
1959,癸,亥,大命,命宮,巨門, ,權, , , , , , , , , , , , ,1, , , , , , , , , , , , , , , , , , , , , , , , , ,蜚廉
2限,甲,子,大福,父母,廉貞, , , ,天相, , , , , , , ,1, , , , , , , , , , , , , , , , , , , , , , , , , , , , ,奏書
2限,乙,丑,大田,福德,天梁, ,祿, , , , , , , , , , , , , , , , , , , , , , , , , , , , , , , , , , , , , , ,將軍
2限,甲,寅,大官,田宅,七殺, , , , , , , , , , , , , , , , , ,1, , , , , , , , , , , , , , , , , , , , , , ,小耗
2限,乙,卯,大僕,官祿,天同, , , , , , , , , , , , , , , , , , , ,1,1, , , , , , , , , , , , , , , , , , , ,青龍
2限,丙,辰,大遷,僕役,武曲, ,忌, , , , , , , , , , , ,1, , , , , , , , , , , , , , , , , , , , , , , , , , ,力士
2限,丁,巳,大疾,遷移,太陽, , , , , , , ,1, , , , , , , , , , , , , , , , , , , , , , , , ,1, ,科, , , , , ,博士
2限,戊,午,大財,疾厄,破軍, , , , , , , , , , ,1, , , , , ,1, , , , , , , ,1, , , , , , , , , , , , , , , ,官符
2限,己,未,大子,財帛,天機,忌, , , , , , , , , , , , , , , , , ,1, , , , , , , , , , , , , , , , , , , , , ,伏兵
2限,庚,申,大夫,子女,紫微, ,權, ,天府, , , , , , , , , , , , , , , , , , , , , , , , ,1, , , , , , , , , , , ,大耗
2限,辛,酉,大兄,夫妻,太陰,權, , , , , , , , , , , , , , , , , , , , , ,1, , , , , , , , , , , , , ,1,科, , ,病符
2限,壬,戌,大命,兄弟,貪狼,祿, , , , , , , , , , , , , ,1, , , , , , , , , , , , , , , , , , , , , , , , , ,喜神
2限,癸,亥,大父,命宮,巨門, , , , , , , , ,1, , , , , , , , , , , , , , , , , , , , , , , , , , , , , , , ,蜚廉
1960,甲,子,大福,父母,廉貞, , , ,天相, , ,忌, , , , ,1, , , , , , , , , , , , , , , , , , , , , , , , , , , , ,奏書
1960,乙,丑,大田,福德,天梁, ,祿, , , , , , , , , , , , , , , , , , , , , , , , , , , , , , , , , , , , , , ,將軍
1960,甲,寅,大官,田宅,七殺, , , , , , , , , , , , , , , , , ,1, , , , , , , , , , , , , , , , , , , , , , ,小耗
1960,乙,卯,大僕,官祿,天同, , ,科, , , , , , , , , , , , , , , , ,1,1,1, , , , , , , , , , , , , , , , , , ,青龍
1960,丙,辰,大遷,僕役,武曲, ,忌,權, , , , , , , , , , ,1, , , , , , , , , , , , , , , , , , , , , , , , , , ,力士
1960,丁,巳,大疾,遷移,太陽, , ,祿, , , , ,1, , , , , , , , , , , , , , , , , , , , , , , , ,1, ,科, , , , , ,博士
1960,戊,午,大財,疾厄,破軍, , , , , , , , , , ,1, , , , , ,1, , , , , , , ,1, , , , , , , , , , , , , , , ,官符
1960,己,未,大子,財帛,天機,忌, , , , , , , , , , , , , , ,1, , ,1, , , , , , , , , , , , , , , , , , , , , ,伏兵
1960,庚,申,大夫,子女,紫微, ,權, ,天府, , , , , ,1, , , , , , , , , , , , , , , , , , ,1, , , , , , , , , , , ,大耗
1960,辛,酉,大兄,夫妻,太陰,權, , , , , , , , , , , ,1, , , , , , , , , ,1, , , , , , , , , , , , , ,1,科, , ,病符
1960,壬,戌,大命,兄弟,貪狼,祿, , , , , , , , , , , , , ,1, , , , , , , , , , , , , , , , , , , , , , , , , ,喜神
1960,癸,亥,大父,命宮,巨門, , , , , , , , ,1, , , , , , , , , , , , , , , , , , , , , , , , , , , , , , , ,蜚廉
1961,甲,子,大福,父母,廉貞, , , ,天相, , , , , , , ,1, , , , , , , , , , , , , , , , , , , , , , , , , , , , ,奏書
1961,乙,丑,大田,福德,天梁, ,祿, , , , , , , , , , , , , , , , , , , , , , , , , , , , , , , , , , , , , , ,將軍
1961,甲,寅,大官,田宅,七殺, , , , , , , , , , , , , , , , , ,1, , , ,1, , , , , , , , , , , , , , , , , , ,小耗
1961,乙,卯,大僕,官祿,天同, , , , , , , , , , , , , , , , , , , ,1,1, , , , , , , , , , , , , , , , , , , ,青龍
1961,丙,辰,大遷,僕役,武曲, ,忌, , , , , , , , , , , ,1, , , , , , , , , , , , , , , , , , , , , , , , , , ,力士
1961,丁,巳,大疾,遷移,太陽, , ,權, , , , ,1, , , , , , , , , , , , , , , , , , , , , , , , ,1, ,科, , , , , ,博士
1961,戊,午,大財,疾厄,破軍, , , , , , , , , , ,1, , , , , ,1, , , , , , , ,1, , ,忌, , , , , , , , , , , , ,官符
1961,己,未,大子,財帛,天機,忌, , , , , , , , , , , , , , , , , ,1, , , , , , , , , , , , , , , , , , , , , ,伏兵
1961,庚,申,大夫,子女,紫微, ,權, ,天府, , , , , , , , , , , ,1, , , , , , , , , , , , ,1, , ,科, , , , , , , , ,大耗
1961,辛,酉,大兄,夫妻,太陰,權, , , , , , , , ,1, , , , , , , , , , , , ,1, , , , , , , , , , , , , ,1,科, , ,病符
1961,壬,戌,大命,兄弟,貪狼,祿, , , , , , , , , , , ,1, ,1, , , , , , , , , , , , , , , , , , , , , , , , , ,喜神
1961,癸,亥,大父,命宮,巨門, , ,祿, , , , , ,1, , , , , , , , , , , , , , , , , , , , , , , , , , , , , , , ,蜚廉
1962,甲,子,大福,父母,廉貞, , , ,天相, , , , , , , ,1,1, , , , , , , , , , , , , , , , , , , , , , , , , , , ,奏書
1962,乙,丑,大田,福德,天梁, ,祿,祿, , , , , , , , , , , , , , , , , , ,1, , , , , , , , , , , , , , , , , , ,將軍
1962,甲,寅,大官,田宅,七殺, , , , , , , , , , , , , , , , , ,1, , , , , , , , , , , , , , , , , , , , , , ,小耗
1962,乙,卯,大僕,官祿,天同, , , , , , , , , , , , , , , , , , , ,1,1, , , , , , , , , , , , , , , , , , , ,青龍
1962,丙,辰,大遷,僕役,武曲, ,忌,忌, , , , , , , , , , ,1, , , , , , , , , , , , , , , , , , , , , , , , , , ,力士
1962,丁,巳,大疾,遷移,太陽, , , , , , , ,1, , , , , , , , , , , , , , , , , , , , , , , , ,1, ,科,科, , , , ,博士
1962,戊,午,大財,疾厄,破軍, , , , , , , , , , ,1, , , , , ,1, , , , , , , ,1, , , , , , , , , , , , , , , ,官符
1962,己,未,大子,財帛,天機,忌, , , , , , , , , , , , , , , , , ,1, , , , ,1, , , , , , , , , , , , , , , , ,伏兵
1962,庚,申,大夫,子女,紫微, ,權,權,天府, , , , , , , , , , , , , , , , , , , , , , , , ,1, , , , , , , , , , , ,大耗
1962,辛,酉,大兄,夫妻,太陰,權, , , , , , , , , , , , , , , , , , , , , ,1, , , , , , , , , , , , , ,1,科, , ,病符
1962,壬,戌,大命,兄弟,貪狼,祿, , , , , , , , , , , , , ,1,1, , , , , , , , , , , , , , , , , , , , , , , , ,喜神
1962,癸,亥,大父,命宮,巨門, , , , , , , , ,1,1, , , , , , , , , , , , , , , , , , , , , , , , , , , , , , ,蜚廉
1963,甲,子,大福,父母,廉貞, , , ,天相, , , , , ,1, ,1, , , , , , , , , , , , , , , , , , , , , , , , , , , , ,奏書
1963,乙,丑,大田,福德,天梁, ,祿, , , , , , , , , , ,1, , , , , , , , , , , , , , , , , , , , , , , , , , , ,將軍
1963,甲,寅,大官,田宅,七殺, , , , , , , , , , , , , , , , , ,1, , , , , , , , , , , , , , , , , , , , , , ,小耗
1963,乙,卯,大僕,官祿,天同, , , , , , , , , , , , , , , , , , , ,1,1, , , , , , , , , , , , , , , , , , , ,青龍
1963,丙,辰,大遷,僕役,武曲, ,忌, , , , , , , , , , , ,1, , , , , , , , , , , , , , , , , , , , , , , , , , ,力士
1963,丁,巳,大疾,遷移,太陽, , , , , , , ,1, , , , , , , , , , , , , , , , , , , , , , , , ,1, ,科, , , , , ,博士
1963,戊,午,大財,疾厄,破軍, , ,祿, , , , , , , ,1, , , , , ,1, , , , , , ,1,1, , , , , , , , , , , , , , , ,官符
1963,己,未,大子,財帛,天機,忌, , , , , , , , , , , , , , , , , ,1, , , , , , , , , , , , , , , , , , , , , ,伏兵
1963,庚,申,大夫,子女,紫微, ,權, ,天府, , , , , , , , , , , , , , , , , , , , , , , , ,1, , , , , , , , , , , ,大耗
1963,辛,酉,大兄,夫妻,太陰,權, ,科, , , , , , , , , , , , , , , , , , , ,1, , , , , , , , , , , , , ,1,科, , ,病符
1963,壬,戌,大命,兄弟,貪狼,祿, ,忌, , , , , , , , , , , ,1, , , , , , , , , , , , , , , , , , , , , , , , , ,喜神
1963,癸,亥,大父,命宮,巨門, , ,權, , , , , ,1, , , , , , ,1, , , , , , , , , , , , , , , , , , , , , , , , ,蜚廉
1964,甲,子,大福,父母,廉貞, , ,祿,天相, , , , , , , ,1, , , , , , , , , , , , , , , , , , , , , , , , , , , , ,奏書
1964,乙,丑,大田,福德,天梁, ,祿, , , , , , , , , , , , , ,1, , , , , , , , , , , , , , , , , , , , , , , , ,將軍
1964,甲,寅,大官,田宅,七殺, , , , , , , , , ,1, , , , , , , ,1, , , , , , , , , , , , , , , , , , , , , , ,小耗
1964,乙,卯,大僕,官祿,天同, , , , , , , , , , , , ,1, , , , , , ,1,1, , , , , , , , , , , , , , , , , , , ,青龍
1964,丙,辰,大遷,僕役,武曲, ,忌,科, , , , , , , , , , ,1, , , , , , , , , , , , , , , , , , , , , , , , , , ,力士
1964,丁,巳,大疾,遷移,太陽, , ,忌, , , , ,1, , , , , , , , , , , , , , , ,1, , , , , , , , ,1, ,科, , , , , ,博士
1964,戊,午,大財,疾厄,破軍, , ,權, , , , , , , ,1, , , , , ,1, , , , , , , ,1, , , , , , , , , , , , , , , ,官符
1964,己,未,大子,財帛,天機,忌, , , , , , , , , , , , , , , , , ,1, , , , , , , , , , , , , , , , , , , , , ,伏兵
1964,庚,申,大夫,子女,紫微, ,權, ,天府, , , , , , , , , , , , , , , , , , , , , , , , ,1, , , , , , , , , , , ,大耗
1964,辛,酉,大兄,夫妻,太陰,權, , , , , , , , , , , , , , , , , , , , , ,1, , , , , , , , , , , , , ,1,科, , ,病符
1964,壬,戌,大命,兄弟,貪狼,祿, , , , , , , , , , , , , ,1, , , , , , , , , , , , , , , , , , , , , , , , , ,喜神
1964,癸,亥,大父,命宮,巨門, , , , , , , , ,1, , , , , , , , , , , , ,1, , , , , , , , , , , , , , , , , , ,蜚廉
1965,甲,子,大福,父母,廉貞, , , ,天相, , , , , , , ,1, , , , , , , , , , , , , , , , , , , , , , , , , , , , ,奏書
1965,乙,丑,大田,福德,天梁, ,祿,權, , , , , , , , , , , , , , , , , , , , , , , , , , , , , , , , , , , , , ,將軍
1965,甲,寅,大官,田宅,七殺, , , , , , , , , , , , , , , ,1, ,1, , , , , , , , , , , , , , , , , , , , , , ,小耗
1965,乙,卯,大僕,官祿,天同, , , , , , , , , ,1, , , , , , , , , ,1,1, , , , , , , , , , , , , , , , , , , ,青龍
1965,丙,辰,大遷,僕役,武曲, ,忌, , , , , , , , , , ,1,1, , , , , , , , , , , , , , , , , , , , , , , , , , ,力士
1965,丁,巳,大疾,遷移,太陽, , , , , , , ,1, , , , , , , , , , , , , , , , , , , , , , , , ,1, ,科, , , , , ,博士
1965,戊,午,大財,疾厄,破軍, , , , , , , , , , ,1, , , , , ,1, , , , , , , ,1, , , , , , , , , , , , , , , ,官符
1965,己,未,大子,財帛,天機,忌, ,祿, , , , , , , , , , , , , , , ,1, , , , , , , , , , , , , , , , , , , , , ,伏兵
1965,庚,申,大夫,子女,紫微, ,權,科,天府, , , , , , , , , , , , , , , , , , , , , , , , ,1, , , , , , , , , , , ,大耗
1965,辛,酉,大兄,夫妻,太陰,權, ,忌, , , , , , , , , , , , , , , , , , , ,1, , , , , , , , , , , , , ,1,科, , ,病符
1965,壬,戌,大命,兄弟,貪狼,祿, , , , , , , , , , , , , ,1, , , , , , ,1, , , , , , , , , , , , , , , , , , ,喜神
1965,癸,亥,大父,命宮,巨門, , , , , , , , ,1, , , , , , , , , , , , , , , , , , , , , , , , , , , , , , , ,蜚廉
1966,甲,子,大福,父母,廉貞, , ,忌,天相, , , , , , , ,1, , , , , , , , , , , , , , , , , , , , , , , , , , , , ,奏書
1966,乙,丑,大田,福德,天梁, ,祿, , , , , , , , , , , , , , , , , , , , , , , , , , , , , , , , , , , , , , ,將軍
1966,甲,寅,大官,田宅,七殺, , , , , , , , , , , , , , , , , ,1, , , , , , , , , , , , , , , , , , , , , , ,小耗
1966,乙,卯,大僕,官祿,天同, , ,祿, , , , , , , , , , , , , , , , ,1,1, , ,1, , , , , , , , , , , , , , , , ,青龍
1966,丙,辰,大遷,僕役,武曲, ,忌, , , , , , , , , , , ,1, ,1, , , , , , , , , , , , , , , , , , , , , , , , ,力士
1966,丁,巳,大疾,遷移,太陽, , , , , , , ,1, ,1, , , , , , , , , , , , , , , , , , , , , , ,1, ,科, , , , , ,博士
1966,戊,午,大財,疾厄,破軍, , , , , , , , , , ,1, ,1, , , ,1, , , , , , , ,1, , ,科, , , , , , , , , , , , ,官符
1966,己,未,大子,財帛,天機,忌, ,權, , , , , , , , , , , , , , , ,1, , , , , , , , , , , , , , , , , , , , , ,伏兵
1966,庚,申,大夫,子女,紫微, ,權, ,天府, , , , , , , , , , , , , , , , , , , , , , , , ,1, , , , , , , , , , , ,大耗
1966,辛,酉,大兄,夫妻,太陰,權, , , , , , , , , , , , , , , , , , , , ,1,1, , , , , , , , , , , , , ,1,科, , ,病符
1966,壬,戌,大命,兄弟,貪狼,祿, , , , , , , , , , , , , ,1, , , , , , , , , , , , , , , , , , , , , , , , , ,喜神
1966,癸,亥,大父,命宮,巨門, , , , , , , , ,1, , , , , , , , , , , , , , , , , , , , , , , , , , , , , , , ,蜚廉
1967,甲,子,大福,父母,廉貞, , , ,天相, , , , , , , ,1, , , , , , , , , , , , , , , , , , , , , , , , , , , , ,奏書
1967,乙,丑,大田,福德,天梁, ,祿, , , , , , , , , , , , , , , , , , , , , , , , , , , , , , , , , , , , , , ,將軍
1967,甲,寅,大官,田宅,七殺, , , , , , , , , , , , , , , , , ,1, , , , , ,1, , , , , , , , , , , , , , , , ,小耗
1967,乙,卯,大僕,官祿,天同, , ,權, , , , , , , , , , , , , , , , ,1,1, , , , , , , , , , , , , , , , , , , ,青龍
1967,丙,辰,大遷,僕役,武曲, ,忌, , , , , , , , , , , ,1, , , , , , , , , , , , , , , , , , , , , , , , , , ,力士
1967,丁,巳,大疾,遷移,太陽, , , , , , , ,1, , , , , , , ,1, , , , , , , , , , , , , , , , ,1, ,科, , , , , ,博士
1967,戊,午,大財,疾厄,破軍, , , , , , , , , ,1,1, , , , , ,1, , , , , , , ,1, , , , , , , , , , , , , , , ,官符
1967,己,未,大子,財帛,天機,忌, ,科, , , , , , , , , ,1, , , , , ,1, , , , , , , , , , , , , , , , , , , , , ,伏兵
1967,庚,申,大夫,子女,紫微, ,權, ,天府, , , , , , , , , , , , , , , , , ,1, , , , , , ,1, , , , , , , , , , , ,大耗
1967,辛,酉,大兄,夫妻,太陰,權, ,祿, , , , , , , , , , , , , , , , , , , ,1, , , , , , , , , , , , , ,1,科, , ,病符
1967,壬,戌,大命,兄弟,貪狼,祿, , , , , , , , , , , , , ,1, , , , , , , , , , , , , , , , , , , , , , , , , ,喜神
1967,癸,亥,大父,命宮,巨門, , ,忌, , , , , ,1, , , , , , , , , , , , , , , , , , , , , , , , , , , , , , , ,蜚廉
1968,甲,子,大福,父母,廉貞, , , ,天相, , , , , , , ,1, , , , , , , , , , , , , , , , , , , , , , , , , , , , ,奏書
1968,乙,丑,大田,福德,天梁, ,祿, , , , , , , , , , , , , , , , , , , , , ,1, , , , , , , , , , , , , , , , ,將軍
1968,甲,寅,大官,田宅,七殺, , , , , , , , , , , , , , , , , ,1, , , , , , , , , , , , , , , , , , , , , , ,小耗
1968,乙,卯,大僕,官祿,天同, , , , , , , , , , , , , , , , , , , ,1,1, , , , , , , , , , , , , , , , , , , ,青龍
1968,丙,辰,大遷,僕役,武曲, ,忌, , , , , , , , , , , ,1, ,1, , , , , , , , , , , , , , , , , , , , , , , , ,力士
1968,丁,巳,大疾,遷移,太陽, , , , , , , ,1, ,1, , , , , , , , , , , , , , , , , , , , , , ,1, ,科, , , , , ,博士
1968,戊,午,大財,疾厄,破軍, , , , , , , , , , ,1, ,1, , , ,1, , , , , , , ,1, , , , , , , , , , , , , , , ,官符
1968,己,未,大子,財帛,天機,忌, ,忌, , , , , , , , , , , , , , , ,1, , ,1, , , , , , , , , , , , , , , , , , ,伏兵
1968,庚,申,大夫,子女,紫微, ,權, ,天府, , , , , , , , , , , , , , , , , , , , , , , , ,1, , , , , , , , , , , ,大耗
1968,辛,酉,大兄,夫妻,太陰,權, ,權, , , , , , , , , , , , , , , , , , , ,1, , , , , , , , , , , , , ,1,科, ,科,病符
1968,壬,戌,大命,兄弟,貪狼,祿, ,祿, , , , , , , , , , , ,1, , , , , , , , , , , , , , , , , , , , , , , , , ,喜神
1968,癸,亥,大父,命宮,巨門, , , , , , , , ,1, , , , , , , , , , , , , , , , , , , , , , , , , , , , , , , ,蜚廉
1969,甲,子,大福,父母,廉貞, , , ,天相, , , , , , , ,1, , , , , , , , , , , ,1, , , , , , , , , , , , , , , , ,奏書
1969,乙,丑,大田,福德,天梁, ,祿,科, , , , , , , , , , , , , , , , , , , , , , , , , , , , , , , , , , , , , ,將軍
1969,甲,寅,大官,田宅,七殺, , , , , , , , , , , , , , , , , ,1, , , , , , , , , , , , , , , , , , , , , , ,小耗
1969,乙,卯,大僕,官祿,天同, , , , , , , , , , , , , , , , , , , ,1,1, , , , , , , , , , , , , , , , , , , ,青龍
1969,丙,辰,大遷,僕役,武曲, ,忌,祿, , , , , , , , , , ,1, , , , , , , , , , , , , , , , , , , , , , , , , , ,力士
1969,丁,巳,大疾,遷移,太陽, , , , , , , ,1, , , , , , , ,1, , , , , , , , , , , , , , , , ,1, ,科, , , , , ,博士
1969,戊,午,大財,疾厄,破軍, , , , , , , , , ,1,1, , , , , ,1, , , , , , , ,1, , , , , , , , , , , , , , , ,官符
1969,己,未,大子,財帛,天機,忌, , , , , , , , , , , ,1, , , , , ,1, , , , , , , , , , , , , , , , , , , , , ,伏兵
1969,庚,申,大夫,子女,紫微, ,權, ,天府, , , , , , , , , , , , , , , , , , , , , , , , ,1, , ,忌, , , , , , , , ,大耗
1969,辛,酉,大兄,夫妻,太陰,權, , , , , , , , , , , , , , , , , , , , , ,1, , , , , , , , , , , , , ,1,科, , ,病符
1969,壬,戌,大命,兄弟,貪狼,祿, ,權, , , , , , , , , , , ,1, , , , , , , , , , , , , , , , , , , , , , , , , ,喜神
1969,癸,亥,大父,命宮,巨門, , , , , , , , ,1, , , , , , , , , , , , , , , , , , , , , , , , , , , , , , , ,蜚廉
3限,甲,子,大田,父母,廉貞, , , ,天相, , , , , , , , , , , , , , , , , , , , , , , , , , , , , , , , , , , , ,奏書
3限,乙,丑,大官,福德,天梁, , , , , , , , , , , , , , , , , , , , , , , , , , , , , , , , , , , , , , , , ,將軍
3限,甲,寅,大僕,田宅,七殺, , , , , , , , , , , , , , , , , ,1, , , , , , , , , , , , , , , , , , , , , , ,小耗
3限,乙,卯,大遷,官祿,天同, , , , , , , , , , , , , , , , , , , ,1,1, , , , , , , , , , , , , , , , , , , ,青龍
3限,丙,辰,大疾,僕役,武曲, , , , , , , , , , , , , ,1, , , , , , , , , , , , , , , , , , , , , , , , , , ,力士
3限,丁,巳,大財,遷移,太陽, ,權, , , , , ,1, , , , , , , , , , , , , , , , , , , , , , , , , , , , , , , , ,博士
3限,戊,午,大子,疾厄,破軍, , , , , , , , , , ,1, , , , , ,1, , , , , , , ,1, ,忌, , , , , , , , , , , , , ,官符
3限,己,未,大夫,財帛,天機,忌, , , , , , , , , , , , , , , , , ,1, , , , , , , , , , , , , , , , , , , , , ,伏兵
3限,庚,申,大兄,子女,紫微, , , ,天府, , , , , , , , , , ,1, , , , , , , , , , , , , ,1, ,科, , , , , , , , , ,大耗
3限,辛,酉,大命,夫妻,太陰,權, , , , , , , ,1, , , , , , , , , , , , , ,1, , , , , , , , , , , , , ,1,科, , ,病符
3限,壬,戌,大父,兄弟,貪狼,祿, , , , , , , , , , ,1, , , , , , , , , , , , , , , , , , , , , , , , , , , , ,喜神
3限,癸,亥,大福,命宮,巨門, ,祿, , , , , , , , , , , , , , , , , , , , , , , , , , , , , , , , , , , , , , ,蜚廉
1970,甲,子,大田,父母,廉貞, , , ,天相, , ,忌, , , , , , , , , , , , , , , , , , , , , , , , , , , , , , , , , ,奏書
1970,乙,丑,大官,福德,天梁, , , , , , , , , , , , , , , , , , , , , , , , , , , , , , , , , , , , , , , , ,將軍
1970,甲,寅,大僕,田宅,七殺, , , , , , , , , , , , , , , , , ,1, , , , , , , , , , , , , , , , , , , , , , ,小耗
1970,乙,卯,大遷,官祿,天同, , ,科, , , , , , , , , , , , , , , , ,1,1, , , , , , , , , , , , , , , , , , , ,青龍
1970,丙,辰,大疾,僕役,武曲, , ,權, , , , , , , , , , ,1, , , , , , , , , , , , , , , , , , , , , , , , , , ,力士
1970,丁,巳,大財,遷移,太陽, ,權,祿, , , , ,1, , , , , , , , , , , , , ,1, , , , , , , , , , , , , , , , , , ,博士
1970,戊,午,大子,疾厄,破軍, , , , , , , , , , ,1, , , , , ,1, , , , , , , ,1, ,忌, , , , , , , , , , , , , ,官符
1970,己,未,大夫,財帛,天機,忌, , , , , , , , , , , , , , ,1, , ,1, , , , , , , , , , , , , , , , , , , , , ,伏兵
1970,庚,申,大兄,子女,紫微, , , ,天府, , , , , ,1, , , , ,1, , , , , , , , , , , , , ,1, ,科, , , , , , , , , ,大耗
1970,辛,酉,大命,夫妻,太陰,權, , , , , , , ,1, , , ,1, , , , , , , , , ,1, , , , , , , , , , , , , ,1,科, , ,病符
1970,壬,戌,大父,兄弟,貪狼,祿, , , , , , , , , , ,1, , , , , , , , , , , , , , , , , , , , , , , , , , , , ,喜神
1970,癸,亥,大福,命宮,巨門, ,祿, , , , , , , , , , , , , , , , , , , , , ,1, , , , , , , , , , , , , , , , ,蜚廉
1971,甲,子,大田,父母,廉貞, , , ,天相, , , , , , , , , , , , , , , , , , , , , , , , , , , , , , , , , , , , ,奏書
1971,乙,丑,大官,福德,天梁, , , , , , , , , , , , , , , , , , , , , , , , , , , , , , , , , , , , , , , , ,將軍
1971,甲,寅,大僕,田宅,七殺, , , , , , , , , , , , , , , , , ,1, , , , , , , , , , , , , , , , , , , , , , ,小耗
1971,乙,卯,大遷,官祿,天同, , , , , , , , , , , , , , , , , , , ,1,1, , , , , , , , , , , , , , , , , , , ,青龍
1971,丙,辰,大疾,僕役,武曲, , , , , , , , , , , , , ,1, , , , , , , ,1, , , , , , , , , , , , , , , , , , ,力士
1971,丁,巳,大財,遷移,太陽, ,權,權, , , , ,1, , , , , , , , , , , , , , , , , , , , , , , , , , , , , , , , ,博士
1971,戊,午,大子,疾厄,破軍, , , , , , , , , , ,1, , , , , ,1, , , , , , , ,1, ,忌,忌, , , , , , , , , , , , ,官符
1971,己,未,大夫,財帛,天機,忌, , , , , , , , , , , , , , , , , ,1, , , , , , , , , , , , , , , , , , , , , ,伏兵
1971,庚,申,大兄,子女,紫微, , , ,天府, , , , , , , , , , ,1,1, , , , , , , , , , , , ,1, ,科,科, , , , , , , , ,大耗
1971,辛,酉,大命,夫妻,太陰,權, , , , , , , ,1,1, , , , , , , , , , , , ,1, , , , , , , , , , , , , ,1,科, , ,病符
1971,壬,戌,大父,兄弟,貪狼,祿, , , , , , , , , , ,1,1, , , , , , , , , , , , , , , , , , , , , , , , , , , ,喜神
1971,癸,亥,大福,命宮,巨門, ,祿,祿, , , , , , , , , , , , , , , , , , , , , , , , , , , , , , , , , , , , , ,蜚廉
1972,甲,子,大田,父母,廉貞, , , ,天相, , , , , , , , ,1, , , , , , , , , , , , , , , , , , , , , , , , , , , ,奏書
1972,乙,丑,大官,福德,天梁, , ,祿, , , , , , , , , , , , , , , , , , , , , , , , , , , , , , , , , , , , , ,將軍
1972,甲,寅,大僕,田宅,七殺, , , , , , , , , , , , , , , , , ,1, , , , , , , , , , , , , , , , , , , , , , ,小耗
1972,乙,卯,大遷,官祿,天同, , , , , , , , , , , , , , , , , , , ,1,1,1, , , , , , , , , , , , , , , , , , ,青龍
1972,丙,辰,大疾,僕役,武曲, , ,忌, , , , , , , , , , ,1, , , , , , , , , , , , , , , , , , , , , , , , , , ,力士
1972,丁,巳,大財,遷移,太陽, ,權, , , , , ,1, , , , , , , , , , , , , , , , , , , , , , , , ,1, , ,科, , , , ,博士
1972,戊,午,大子,疾厄,破軍, , , , , , , , , , ,1, , , , , ,1, , , , , , , ,1, ,忌, , , , , , , , , , , , , ,官符
1972,己,未,大夫,財帛,天機,忌, , , , , , , , , , , , , , , , , ,1, , , , , , , , , , , , , , , , , , , , , ,伏兵
1972,庚,申,大兄,子女,紫微, , ,權,天府, , , , , , , , , , ,1, , , , , , , , , , , , , ,1, ,科, , , , , , , , , ,大耗
1972,辛,酉,大命,夫妻,太陰,權, , , , , , , ,1, , , , , , , , , , , , , ,1,1, , , , , , , , , , , , ,1,科, , ,病符
1972,壬,戌,大父,兄弟,貪狼,祿, , , , , , , , , , ,1, , , ,1, , , , , , , , , , , , , , , , , , , , , , , , ,喜神
1972,癸,亥,大福,命宮,巨門, ,祿, , , , , , , ,1, , , , , , , , , , , , , , , , , , , , , , , , , , , , , , ,蜚廉
1973,甲,子,大田,父母,廉貞, , , ,天相, , , , , ,1, , , , , , , , , , , , , , , , , , , , , , , , , , , , , , ,奏書
1973,乙,丑,大官,福德,天梁, , , , , , , , , , , , ,1, , , , , , , , , , , , , , , , , , , , , , , , , , , ,將軍
1973,甲,寅,大僕,田宅,七殺, , , , , , , , , , , , , , , , , ,1, , , ,1, , , , , , , , , , , , , , , , , , ,小耗
1973,乙,卯,大遷,官祿,天同, , , , , , , , , , , , , , , , , , , ,1,1, , , , , , , , , , , , , , , , , , , ,青龍
1973,丙,辰,大疾,僕役,武曲, , , , , , , , , , , , , ,1, , , , , , , , , , , , , , , , , , , , , , , , , , ,力士
1973,丁,巳,大財,遷移,太陽, ,權, , , , , ,1, , , , , , , , , , , , , , , , , , , , , , , , , , , , , , , , ,博士
1973,戊,午,大子,疾厄,破軍, , ,祿, , , , , , , ,1, , , , , ,1, , , , , , , ,1, ,忌, , , , , , , , , , , , , ,官符
1973,己,未,大夫,財帛,天機,忌, , , , , , , , , , , , , , , , , ,1, , , , , , , , , , , , , , , , , , , , , ,伏兵
1973,庚,申,大兄,子女,紫微, , , ,天府, , , , , , , , , , ,1, , , , , , , , ,1, , , , ,1, ,科, , , , , , , , , ,大耗
1973,辛,酉,大命,夫妻,太陰,權, ,科, , , , , ,1, , , , , , , , , , , , , ,1, , , , , , , , , , , , , ,1,科, , ,病符
1973,壬,戌,大父,兄弟,貪狼,祿, ,忌, , , , , , , , ,1, , , , , , , , , , , , , , , , , , , , , , , , , , , , ,喜神
1973,癸,亥,大福,命宮,巨門, ,祿,權, , , , , , , , , , , , ,1, , , , , , , , , , , , , , , , , , , , , , , , ,蜚廉
1974,甲,子,大田,父母,廉貞, , ,祿,天相, , , , , , , , , , , , , , , , , , , , , , , , , , , , , , , , , , , , ,奏書
1974,乙,丑,大官,福德,天梁, , , , , , , , , , , , , , , ,1, , , , , , , , , , , , , , , , , , , , , , , , ,將軍
1974,甲,寅,大僕,田宅,七殺, , , , , , , , , ,1, , , , , , , ,1, , , , , , , , , , , , , , , , , , , , , , ,小耗
1974,乙,卯,大遷,官祿,天同, , , , , , , , , , , , ,1, , , , , , ,1,1, , , , , , , , , , , , , , , , , , , ,青龍
1974,丙,辰,大疾,僕役,武曲, , ,科, , , , , , , , , , ,1, , , , , , , , , , , , , , , , , , , , , , , , , , ,力士
1974,丁,巳,大財,遷移,太陽, ,權,忌, , , , ,1, , , , , , , , , , , , , , , , , , , , , , , , , , , , , , , , ,博士
1974,戊,午,大子,疾厄,破軍, , ,權, , , , , , , ,1, , , , , ,1, , , , , , , ,1, ,忌, , , , , , , , , , , , , ,官符
1974,己,未,大夫,財帛,天機,忌, , , , , , , , , , , , , , , , , ,1, , , , ,1, , , , , , , , , , , , , , , , ,伏兵
1974,庚,申,大兄,子女,紫微, , , ,天府, , , , , , , , , , ,1, , , , , , , , , , , , , ,1, ,科, , , , , , , , , ,大耗
1974,辛,酉,大命,夫妻,太陰,權, , , , , , , ,1, , , , , , , , , , , , , ,1, , , , , , , , , , , , , ,1,科, , ,病符
1974,壬,戌,大父,兄弟,貪狼,祿, , , , , , , , , , ,1, , , , , , , , , , , , , , , , , , , , , , , , , , , , ,喜神
1974,癸,亥,大福,命宮,巨門, ,祿, , , , , , , , , , , , , , , , , , , , , , , , , , , , , , , , , , , , , , ,蜚廉
1975,甲,子,大田,父母,廉貞, , , ,天相, , , , , , , , , , , , , , , , , ,1, , , , , , , , , , , , , , , , , , ,奏書
1975,乙,丑,大官,福德,天梁, , ,權, , , , , , , , , , , , , , , , , , , , , , , , , , , , , , , , , , , , , ,將軍
1975,甲,寅,大僕,田宅,七殺, , , , , , , , , , , , , , , ,1, ,1, , , , , , , , , , , , , , , , , , , , , , ,小耗
1975,乙,卯,大遷,官祿,天同, , , , , , , , , ,1, , , , , , , , , ,1,1, , , , , , , , , , , , , , , , , , , ,青龍
1975,丙,辰,大疾,僕役,武曲, , , , , , , , , , , , ,1,1, , , , , , , , , , , , , , , , , , , , , , , , , , ,力士
1975,丁,巳,大財,遷移,太陽, ,權, , , , , ,1, , , , , , , , , , , , , , , , , , , , , , , , , , , , , , , , ,博士
1975,戊,午,大子,疾厄,破軍, , , , , , , , , , ,1, , , , , ,1, , , , , , ,1,1, ,忌, , , , , , , , , , , , , ,官符
1975,己,未,大夫,財帛,天機,忌, ,祿, , , , , , , , , , , , , , , ,1, , , , , , , , , , , , , , , , , , , , , ,伏兵
1975,庚,申,大兄,子女,紫微, , ,科,天府, , , , , , , , , , ,1, , , , , , , , , , , , , ,1, ,科, , , , , , , , , ,大耗
1975,辛,酉,大命,夫妻,太陰,權, ,忌, , , , , ,1, , , , , , , , , , , , , ,1, , , , , , , , , , , , , ,1,科, , ,病符
1975,壬,戌,大父,兄弟,貪狼,祿, , , , , , , , , , ,1, , , , , , , , , , , , , , , , , , , , , , , , , , , , ,喜神
1975,癸,亥,大福,命宮,巨門, ,祿, , , , , , , , , , , , , , , , , , , , , , , , , , , , , , , , , , , , , , ,蜚廉
1976,甲,子,大田,父母,廉貞, , ,忌,天相, , , , , , , , , , , , , , , , , , , , , , , , , , , , , , , , , , , , ,奏書
1976,乙,丑,大官,福德,天梁, , , , , , , , , , , , , , , , , , , , , , , , , , , , , , , , , , , , , , , , ,將軍
1976,甲,寅,大僕,田宅,七殺, , , , , , , , , , , , , , , , , ,1, , , , , , , , , , , , , , , , , , , , , , ,小耗
1976,乙,卯,大遷,官祿,天同, , ,祿, , , , , , , , , , , , , , , , ,1,1, , , , , , , , , , , , , , , , , , , ,青龍
1976,丙,辰,大疾,僕役,武曲, , , , , , , , , , , , , ,1, ,1, , , , , , , , , , , , , , , , , , , , , , , , ,力士
1976,丁,巳,大財,遷移,太陽, ,權, , , , , ,1, ,1, , , , , , , , , , , , , , , , , , , , , , , , , , , , , , ,博士
1976,戊,午,大子,疾厄,破軍, , , , , , , , , , ,1, ,1, , , ,1, , , , , , , ,1, ,忌,科, , , , , , , , , , , , ,官符
1976,己,未,大夫,財帛,天機,忌, ,權, , , , , , , , , , , , , , , ,1, , , , , , , , , , , , , , , , , , , , , ,伏兵
1976,庚,申,大兄,子女,紫微, , , ,天府, , , , , , , , , , ,1, , , , , , , , , , , , , ,1, ,科, , , , , , , , , ,大耗
1976,辛,酉,大命,夫妻,太陰,權, , , , , , , ,1, , , , , , , , , , , , , ,1, , , , , , , , , , , , , ,1,科, , ,病符
1976,壬,戌,大父,兄弟,貪狼,祿, , , , , , , , , , ,1, , , , , , , , , , , , , , , , , , , , , , , , , , , , ,喜神
1976,癸,亥,大福,命宮,巨門, ,祿, , , , , , , , , , , , , , , , , , , ,1, , , , , , , , , , , , , , , , , , ,蜚廉
1977,甲,子,大田,父母,廉貞, , , ,天相, , , , , , , , , , , , , , , , , , , , , , , , , , , , , , , , , , , , ,奏書
1977,乙,丑,大官,福德,天梁, , , , , , , , , , , , , , , , , , , , , , , , , , , , , , , , , , , , , , , , ,將軍
1977,甲,寅,大僕,田宅,七殺, , , , , , , , , , , , , , , , , ,1, , , , , , , , , , , , , , , , , , , , , , ,小耗
1977,乙,卯,大遷,官祿,天同, , ,權, , , , , , , , , , , , , , , , ,1,1, , , , , , , , , , , , , , , , , , , ,青龍
1977,丙,辰,大疾,僕役,武曲, , , , , , , , , , , , , ,1, , , , , , , , , ,1, , , , , , , , , , , , , , , , ,力士
1977,丁,巳,大財,遷移,太陽, ,權, , , , , ,1, , , , , , , ,1, , , , , , , , , , , , , , , , , , , , , , , , ,博士
1977,戊,午,大子,疾厄,破軍, , , , , , , , , ,1,1, , , , , ,1, , , , , , , ,1, ,忌, , , , , , , , , , , , , ,官符
1977,己,未,大夫,財帛,天機,忌, ,科, , , , , , , , , ,1, , , , , ,1, , , , , , , , , , , , , , , , , , , , , ,伏兵
1977,庚,申,大兄,子女,紫微, , , ,天府, , , , , , , , , , ,1, , , , , , , , , , , , , ,1, ,科, , , , , , , , , ,大耗
1977,辛,酉,大命,夫妻,太陰,權, ,祿, , , , , ,1, , , , , , , , , , , , , ,1, , , , , , , , , , , , , ,1,科, , ,病符
1977,壬,戌,大父,兄弟,貪狼,祿, , , , , , , , , , ,1, , , , , , , , , ,1, , , , , , , , , , , , , , , , , , ,喜神
1977,癸,亥,大福,命宮,巨門, ,祿,忌, , , , , , , , , , , , , , , , , , , , , , , , , , , , , , , , , , , , , ,蜚廉
1978,甲,子,大田,父母,廉貞, , , ,天相, , , , , , , , , , , , , , , , , , , , , , , , , , , , , , , , , , , , ,奏書
1978,乙,丑,大官,福德,天梁, , , , , , , , , , , , , , , , , , , , , , , , , , , , , , , , , , , , , , , , ,將軍
1978,甲,寅,大僕,田宅,七殺, , , , , , , , , , , , , , , , , ,1, , , , , , , , , , , , , , , , , , , , , , ,小耗
1978,乙,卯,大遷,官祿,天同, , , , , , , , , , , , , , , , , , , ,1,1, , ,1, , , , , , , , , , , , , , , , ,青龍
1978,丙,辰,大疾,僕役,武曲, , , , , , , , , , , , , ,1, ,1, , , , , , , , , , , , , , , , , , , , , , , , ,力士
1978,丁,巳,大財,遷移,太陽, ,權, , , , , ,1, ,1, , , , , , , , , , , , , , , , , , , , , , , , , , , , , , ,博士
1978,戊,午,大子,疾厄,破軍, , , , , , , , , , ,1, ,1, , , ,1, , , , , , , ,1, ,忌, , , , , , , , , , , , , ,官符
1978,己,未,大夫,財帛,天機,忌, ,忌, , , , , , , , , , , , , , , ,1, , , , , , , , , , , , , , , , , , , , , ,伏兵
1978,庚,申,大兄,子女,紫微, , , ,天府, , , , , , , , , , ,1, , , , , , , , , , , , , ,1, ,科, , , , , , , , , ,大耗
1978,辛,酉,大命,夫妻,太陰,權, ,權, , , , , ,1, , , , , , , , , , , , ,1,1, , , , , , , , , , , , , ,1,科, ,科,病符
1978,壬,戌,大父,兄弟,貪狼,祿, ,祿, , , , , , , , ,1, , , , , , , , , , , , , , , , , , , , , , , , , , , , ,喜神
1978,癸,亥,大福,命宮,巨門, ,祿, , , , , , , , , , , , , , , , , , , , , , , , , , , , , , , , , , , , , , ,蜚廉
1979,甲,子,大田,父母,廉貞, , , ,天相, , , , , , , , , , , , , , , , , , , , , , , , , , , , , , , , , , , , ,奏書
1979,乙,丑,大官,福德,天梁, , ,科, , , , , , , , , , , , , , , , , , , , , , , , , , , , , , , , , , , , , ,將軍
1979,甲,寅,大僕,田宅,七殺, , , , , , , , , , , , , , , , , ,1, , , , , ,1, , , , , , , , , , , , , , , , ,小耗
1979,乙,卯,大遷,官祿,天同, , , , , , , , , , , , , , , , , , , ,1,1, , , , , , , , , , , , , , , , , , , ,青龍
1979,丙,辰,大疾,僕役,武曲, , ,祿, , , , , , , , , , ,1, , , , , , , , , , , , , , , , , , , , , , , , , , ,力士
1979,丁,巳,大財,遷移,太陽, ,權, , , , , ,1, , , , , , , ,1, , , , , , , , , , , , , , , , , , , , , , , , ,博士
1979,戊,午,大子,疾厄,破軍, , , , , , , , , ,1,1, , , , , ,1, , , , , , , ,1, ,忌, , , , , , , , , , , , , ,官符
1979,己,未,大夫,財帛,天機,忌, , , , , , , , , , , ,1, , , , , ,1, , , , , , , , , , , , , , , , , , , , , ,伏兵
1979,庚,申,大兄,子女,紫微, , , ,天府, , , , , , , , , , ,1, , , , , , ,1, , , , , , ,1, ,科,忌, , , , , , , , ,大耗
1979,辛,酉,大命,夫妻,太陰,權, , , , , , , ,1, , , , , , , , , , , , , ,1, , , , , , , , , , , , , ,1,科, , ,病符
1979,壬,戌,大父,兄弟,貪狼,祿, ,權, , , , , , , , ,1, , , , , , , , , , , , , , , , , , , , , , , , , , , , ,喜神
1979,癸,亥,大福,命宮,巨門, ,祿, , , , , , , , , , , , , , , , , , , , , , , , , , , , , , , , , , , , , , ,蜚廉
4限,甲,子,大官,父母,廉貞, , , ,天相, ,忌, , , , , , , , , , , , , , , , , , , , , , , , , , , , , , , , , , ,奏書
4限,乙,丑,大僕,福德,天梁, , , , , , , , , , , , , , , , , , , , , , , , , , , , , , , , , , , , , , , , ,將軍
4限,甲,寅,大遷,田宅,七殺, , , , , , , , , , , , , , , , , ,1, , , , , , , , , , , , , , , , , , , , , , ,小耗
4限,乙,卯,大疾,官祿,天同, ,科, , , , , , , , , , , , , , , , , ,1,1, , , , , , , , , , , , , , , , , , , ,青龍
4限,丙,辰,大財,僕役,武曲, ,權, , , , , , , , , , , ,1, , , , , , , , , , , , , , , , , , , , , , , , , , ,力士
4限,丁,巳,大子,遷移,太陽, ,祿, , , , , ,1, , , , , , , , , , , , , , , , , , , , , , , , , , , , , , , , ,博士
4限,戊,午,大夫,疾厄,破軍, , , , , , , , , , ,1, , , , , ,1, , , , , , , ,1, , , , , , , , , , , , , , , ,官符
4限,己,未,大兄,財帛,天機,忌, , , , , , , , , , , , , ,1, , , ,1, , , , , , , , , , , , , , , , , , , , , ,伏兵
4限,庚,申,大命,子女,紫微, , , ,天府, , , , ,1, , , , , , , , , , , , , , , , , , , ,1, , , , , , , , , , , ,大耗
4限,辛,酉,大父,夫妻,太陰,權, , , , , , , , , , ,1, , , , , , , , , , ,1, , , , , , , , , , , , , ,1,科, , ,病符
4限,壬,戌,大福,兄弟,貪狼,祿, , , , , , , , , , , , , , , , , , , , , , , , , , , , , , , , , , , , , , , ,喜神
4限,癸,亥,大田,命宮,巨門, , , , , , , , , , , , , , , , , , , , , , , , , , , , , , , , , , , , , , , , ,蜚廉
1980,甲,子,大官,父母,廉貞, , , ,天相, ,忌,忌, , , , , , , , , , , , , , , , , , , , , , , , , , , , , , , , , ,奏書
1980,乙,丑,大僕,福德,天梁, , , , , , , , , , , , , , , , , , , , , , , ,1, , , , , , , , , , , , , , , , ,將軍
1980,甲,寅,大遷,田宅,七殺, , , , , , , , , , , , , , , , , ,1, , , , , , , , , , , , , , , , , , , , , , ,小耗
1980,乙,卯,大疾,官祿,天同, ,科,科, , , , , , , , , , , , , , , , ,1,1, , , , , , , , , , , , , , , , , , , ,青龍
1980,丙,辰,大財,僕役,武曲, ,權,權, , , , , , , , , , ,1, , , , , , , , , , , , , , , , , , , , , , , , , , ,力士
1980,丁,巳,大子,遷移,太陽, ,祿,祿, , , , ,1, , , , , , , , , , , , , , , , , , , , , , , , , , , , , , , , ,博士
1980,戊,午,大夫,疾厄,破軍, , , , , , , , , , ,1, , , , , ,1, , , , , , , ,1, , , , , , , , , , , , , , , ,官符
1980,己,未,大兄,財帛,天機,忌, , , , , , , , , , , , , ,1,1, , ,1, , , , , , , , , , , , , , , , , , , , , ,伏兵
1980,庚,申,大命,子女,紫微, , , ,天府, , , , ,1,1, , , , , , , , , , , , , , , , , , ,1, , , , , , , , , , , ,大耗
1980,辛,酉,大父,夫妻,太陰,權, , , , , , , , , , ,1,1, , , , , , , , , ,1, , , , , , , , , , , , , ,1,科, , ,病符
1980,壬,戌,大福,兄弟,貪狼,祿, , , , , , , , , , , , , , , , , , , , , , , , , , , , , , , , , , , , , , , ,喜神
1980,癸,亥,大田,命宮,巨門, , , , , , , , , , , , , , , , , , , , , , , , , , , , , , , , , , , , , , , , ,蜚廉
1981,甲,子,大官,父母,廉貞, , , ,天相, ,忌, , , , , , , , , , , , , , , , , ,1, , , , , , , , , , , , , , , , ,奏書
1981,乙,丑,大僕,福德,天梁, , , , , , , , , , , , , , , , , , , , , , , , , , , , , , , , , , , , , , , , ,將軍
1981,甲,寅,大遷,田宅,七殺, , , , , , , , , , , , , , , , , ,1, , , , , , , , , , , , , , , , , , , , , , ,小耗
1981,乙,卯,大疾,官祿,天同, ,科, , , , , , , , , , , , , , , , , ,1,1, , , , , , , , , , , , , , , , , , , ,青龍
1981,丙,辰,大財,僕役,武曲, ,權, , , , , , , , , , , ,1, , , , , , , , , , , , , , , , , , , , , , , , , , ,力士
1981,丁,巳,大子,遷移,太陽, ,祿,權, , , , ,1, , , , , , , , , , , , , , , , , , , , , , , , , , , , , , , , ,博士
1981,戊,午,大夫,疾厄,破軍, , , , , , , , , , ,1, , , , , ,1, , , , ,1, , ,1, , ,忌, , , , , , , , , , , , ,官符
1981,己,未,大兄,財帛,天機,忌, , , , , , , , , , , , , ,1, , , ,1, , , , , , , , , , , , , , , , , , , , , ,伏兵
1981,庚,申,大命,子女,紫微, , , ,天府, , , , ,1, , , , , , ,1, , , , , , , , , , , , ,1, , ,科, , , , , , , , ,大耗
1981,辛,酉,大父,夫妻,太陰,權, , , , , , , , ,1, ,1, , , , , , , , , , ,1, , , , , , , , , , , , , ,1,科, , ,病符
1981,壬,戌,大福,兄弟,貪狼,祿, , , , , , , , , , , ,1, , , , , , , , , , , , , , , , , , , , , , , , , , , ,喜神
1981,癸,亥,大田,命宮,巨門, , ,祿, , , , , , , , , , , , , , , , , , , , , , , , , , , , , , , , , , , , , ,蜚廉
1982,甲,子,大官,父母,廉貞, , , ,天相, ,忌, , , , , , ,1, , , , , , , , , , , , , , , , , , , , , , , , , , , ,奏書
1982,乙,丑,大僕,福德,天梁, , ,祿, , , , , , , , , , , , , , , , , , , , , , , , , , , , , , , , , , , , , ,將軍
1982,甲,寅,大遷,田宅,七殺, , , , , , , , , , , , , , , , , ,1, , , , , , , , , , , , , , , , , , , , , , ,小耗
1982,乙,卯,大疾,官祿,天同, ,科, , , , , , , , , , , , , , , , , ,1,1, , , , , , , , , , , , , , , , , , , ,青龍
1982,丙,辰,大財,僕役,武曲, ,權,忌, , , , , , , , , , ,1, , , , , , , , , , , , , , , , , , , , , , , , , , ,力士
1982,丁,巳,大子,遷移,太陽, ,祿, , , , , ,1, , , , , , , , , , , , , ,1, , , , , , , , , , ,1, , ,科, , , , ,博士
1982,戊,午,大夫,疾厄,破軍, , , , , , , , , , ,1, , , , , ,1, , , , , , , ,1, , , , , , , , , , , , , , , ,官符
1982,己,未,大兄,財帛,天機,忌, , , , , , , , , , , , , ,1, , , ,1, , , , , , , , , , , , , , , , , , , , , ,伏兵
1982,庚,申,大命,子女,紫微, , ,權,天府, , , , ,1, , , , , , , , , , , , , , , , , , , ,1, , , , , , , , , , , ,大耗
1982,辛,酉,大父,夫妻,太陰,權, , , , , , , , , , ,1, , , , , , , , , , ,1, , , , , , , , , , , , , ,1,科, , ,病符
1982,壬,戌,大福,兄弟,貪狼,祿, , , , , , , , , , , , , , ,1, , , , , , , , , , , , , , , , , , , , , , , , ,喜神
1982,癸,亥,大田,命宮,巨門, , , , , , , , , ,1, , , , , , , , , , , , , , , , , , , , , , , , , , , , , , ,蜚廉
1983,甲,子,大官,父母,廉貞, , , ,天相, ,忌, , , ,1, , , , , , , , , , , , , , , , , , , , , , , , , , , , , , ,奏書
1983,乙,丑,大僕,福德,天梁, , , , , , , , , , , , ,1, , , , , , , , , , , , , , , , , , , , , , , , , , , ,將軍
1983,甲,寅,大遷,田宅,七殺, , , , , , , , , , , , , , , , , ,1, , , , , , , , , , , , , , , , , , , , , , ,小耗
1983,乙,卯,大疾,官祿,天同, ,科, , , , , , , , , , , , , , , , , ,1,1, , , , , , , , , , , , , , , , , , , ,青龍
1983,丙,辰,大財,僕役,武曲, ,權, , , , , , , , , , , ,1, , , , , , , ,1, , , , , , , , , , , , , , , , , , ,力士
1983,丁,巳,大子,遷移,太陽, ,祿, , , , , ,1, , , , , , , , , , , , , , , , , , , , , , , , , , , , , , , , ,博士
1983,戊,午,大夫,疾厄,破軍, , ,祿, , , , , , , ,1, , , , , ,1, , , , , , , ,1, , , , , , , , , , , , , , , ,官符
1983,己,未,大兄,財帛,天機,忌, , , , , , , , , , , , , ,1, , , ,1, , , , , , , , , , , , , , , , , , , , , ,伏兵
1983,庚,申,大命,子女,紫微, , , ,天府, , , , ,1, , , , , , , , , , , , , , , , , , , ,1, , , , , , , , , , , ,大耗
1983,辛,酉,大父,夫妻,太陰,權, ,科, , , , , , , , ,1, , , , , , , , , , ,1, , , , , , , , , , , , , ,1,科, , ,病符
1983,壬,戌,大福,兄弟,貪狼,祿, ,忌, , , , , , , , , , , , , , , , , , , , ,1, , , , , , , , , , , , , , , , ,喜神
1983,癸,亥,大田,命宮,巨門, , ,權, , , , , , , , , , , , ,1, , , , , , , , , , , , , , , , , , , , , , , , ,蜚廉
1984,甲,子,大官,父母,廉貞, , ,祿,天相, ,忌, , , , , , , , , , , , , , , , , , , , , , , , , , , , , , , , , , ,奏書
1984,乙,丑,大僕,福德,天梁, , , , , , , , , , , , , , , ,1, , , , , , , , , , , , , , , , , , , , , , , , ,將軍
1984,甲,寅,大遷,田宅,七殺, , , , , , , , , ,1, , , , , , , ,1, , , , , , , , , , , , , , , , , , , , , , ,小耗
1984,乙,卯,大疾,官祿,天同, ,科, , , , , , , , , , ,1, , , , , , ,1,1, , , , , , , , , , , , , , , , , , , ,青龍
1984,丙,辰,大財,僕役,武曲, ,權,科, , , , , , , , , , ,1, , , , , , , , , , , , , , , , , , , , , , , , , , ,力士
1984,丁,巳,大子,遷移,太陽, ,祿,忌, , , , ,1, , , , , , , , , , , , , , , , , , , , , , , , , , , , , , , , ,博士
1984,戊,午,大夫,疾厄,破軍, , ,權, , , , , , , ,1, , , , , ,1, , , , , , , ,1, , , , , , , , , , , , , , , ,官符
1984,己,未,大兄,財帛,天機,忌, , , , , , , , , , , , , ,1, , , ,1, , , , , , , , , , , , , , , , , , , , , ,伏兵
1984,庚,申,大命,子女,紫微, , , ,天府, , , , ,1, , , , , , , , , , , , , , , , , , , ,1, , , , , , , , , , , ,大耗
1984,辛,酉,大父,夫妻,太陰,權, , , , , , , , , , ,1, , , , , , , , , , ,1,1, , , , , , , , , , , , ,1,科, , ,病符
1984,壬,戌,大福,兄弟,貪狼,祿, , , , , , , , , , , , , , , , , , , , , , , , , , , , , , , , , , , , , , , ,喜神
1984,癸,亥,大田,命宮,巨門, , , , , , , , , , , , , , , , , , , , , , , , , , , , , , , , , , , , , , , , ,蜚廉
1985,甲,子,大官,父母,廉貞, , , ,天相, ,忌, , , , , , , , , , , , , , , , , , , , , , , , , , , , , , , , , , ,奏書
1985,乙,丑,大僕,福德,天梁, , ,權, , , , , , , , , , , , , , , , , , , , , , , , , , , , , , , , , , , , , ,將軍
1985,甲,寅,大遷,田宅,七殺, , , , , , , , , , , , , , , ,1, ,1, , , , , , , , , , , , , , , , , , , , , , ,小耗
1985,乙,卯,大疾,官祿,天同, ,科, , , , , , , ,1, , , , , , , , , ,1,1, , , , , , , , , , , , , , , , , , , ,青龍
1985,丙,辰,大財,僕役,武曲, ,權, , , , , , , , , , ,1,1, , , , , , , , , , , , , , , , , , , , , , , , , , ,力士
1985,丁,巳,大子,遷移,太陽, ,祿, , , , , ,1, , , , , , , , , , , , , , , , , , , , , , , , , , , , , , , , ,博士
1985,戊,午,大夫,疾厄,破軍, , , , , , , , , , ,1, , , , , ,1, , , , , , , ,1, , , , , , , , , , , , , , , ,官符
1985,己,未,大兄,財帛,天機,忌, ,祿, , , , , , , , , , , ,1, , , ,1, , , , , , , , , , , , , , , , , , , , , ,伏兵
1985,庚,申,大命,子女,紫微, , ,科,天府, , , , ,1, , , , , , , , , , , , , , ,1, , , , ,1, , , , , , , , , , , ,大耗
1985,辛,酉,大父,夫妻,太陰,權, ,忌, , , , , , , , ,1, , , , , , , , , , ,1, , , , , , , , , , , , , ,1,科, , ,病符
1985,壬,戌,大福,兄弟,貪狼,祿, , , , , , , , , , , , , , , , , , , , , , , , , , , , , , , , , , , , , , , ,喜神
1985,癸,亥,大田,命宮,巨門, , , , , , , , , , , , , , , , , , , , , , , , , , , , , , , , , , , , , , , , ,蜚廉
1986,甲,子,大官,父母,廉貞, , ,忌,天相, ,忌, , , , , , , , , , , , , , , , , , , , , , , , , , , , , , , , , , ,奏書
1986,乙,丑,大僕,福德,天梁, , , , , , , , , , , , , , , , , , , , , ,1, , , , , , , , , , , , , , , , , , ,將軍
1986,甲,寅,大遷,田宅,七殺, , , , , , , , , , , , , , , , , ,1, , , , , , , , , , , , , , , , , , , , , , ,小耗
1986,乙,卯,大疾,官祿,天同, ,科,祿, , , , , , , , , , , , , , , , ,1,1, , , , , , , , , , , , , , , , , , , ,青龍
1986,丙,辰,大財,僕役,武曲, ,權, , , , , , , , , , , ,1, ,1, , , , , , , , , , , , , , , , , , , , , , , , ,力士
1986,丁,巳,大子,遷移,太陽, ,祿, , , , , ,1, ,1, , , , , , , , , , , , , , , , , , , , , , , , , , , , , , ,博士
1986,戊,午,大夫,疾厄,破軍, , , , , , , , , , ,1, ,1, , , ,1, , , , , , , ,1, , ,科, , , , , , , , , , , , ,官符
1986,己,未,大兄,財帛,天機,忌, ,權, , , , , , , , , , , ,1, , , ,1, , , , ,1, , , , , , , , , , , , , , , , ,伏兵
1986,庚,申,大命,子女,紫微, , , ,天府, , , , ,1, , , , , , , , , , , , , , , , , , , ,1, , , , , , , , , , , ,大耗
1986,辛,酉,大父,夫妻,太陰,權, , , , , , , , , , ,1, , , , , , , , , , ,1, , , , , , , , , , , , , ,1,科, , ,病符
1986,壬,戌,大福,兄弟,貪狼,祿, , , , , , , , , , , , , , , , , , , , , , , , , , , , , , , , , , , , , , , ,喜神
1986,癸,亥,大田,命宮,巨門, , , , , , , , , , , , , , , , , , , , , , , , , , , , , , , , , , , , , , , , ,蜚廉
1987,甲,子,大官,父母,廉貞, , , ,天相, ,忌, , , , , , , , , , , , , , , ,1, , , , , , , , , , , , , , , , , , ,奏書
1987,乙,丑,大僕,福德,天梁, , , , , , , , , , , , , , , , , , , , , , , , , , , , , , , , , , , , , , , , ,將軍
1987,甲,寅,大遷,田宅,七殺, , , , , , , , , , , , , , , , , ,1, , , , , , , , , , , , , , , , , , , , , , ,小耗
1987,乙,卯,大疾,官祿,天同, ,科,權, , , , , , , , , , , , , , , , ,1,1, , , , , , , , , , , , , , , , , , , ,青龍
1987,丙,辰,大財,僕役,武曲, ,權, , , , , , , , , , , ,1, , , , , , , , , , , , , , , , , , , , , , , , , , ,力士
1987,丁,巳,大子,遷移,太陽, ,祿, , , , , ,1, , , , , , , ,1, , , , , , , , , , , , , , , , , , , , , , , , ,博士
1987,戊,午,大夫,疾厄,破軍, , , , , , , , , ,1,1, , , , , ,1, , , , , , , ,1, , , , , , , , , , , , , , , ,官符
1987,己,未,大兄,財帛,天機,忌, ,科, , , , , , , , , ,1, ,1, , , ,1, , , , , , , , , , , , , , , , , , , , , ,伏兵
1987,庚,申,大命,子女,紫微, , , ,天府, , , , ,1, , , , , , , , , , , , , , , , , , , ,1, , , , , , , , , , , ,大耗
1987,辛,酉,大父,夫妻,太陰,權, ,祿, , , , , , , , ,1, , , , , , , , , , ,1, , , , , , , , , , , , , ,1,科, , ,病符
1987,壬,戌,大福,兄弟,貪狼,祿, , , , , , , , , , , , , , , , , , , , , , , , , , , , , , , , , , , , , , , ,喜神
1987,癸,亥,大田,命宮,巨門, , ,忌, , , , , , , , , , , , , , , , , , , , , , , , , , , , , , , , , , , , , ,蜚廉
1988,甲,子,大官,父母,廉貞, , , ,天相, ,忌, , , , , , , , , , , , , , , , , , , , , , , , , , , , , , , , , , ,奏書
1988,乙,丑,大僕,福德,天梁, , , , , , , , , , , , , , , , , , , , , , , , , , , , , , , , , , , , , , , , ,將軍
1988,甲,寅,大遷,田宅,七殺, , , , , , , , , , , , , , , , , ,1, , , , , , , , , , , , , , , , , , , , , , ,小耗
1988,乙,卯,大疾,官祿,天同, ,科, , , , , , , , , , , , , , , , , ,1,1, , , , , , , , , , , , , , , , , , , ,青龍
1988,丙,辰,大財,僕役,武曲, ,權, , , , , , , , , , , ,1, ,1, , , , , , , , , , , , , , , , , , , , , , , , ,力士
1988,丁,巳,大子,遷移,太陽, ,祿, , , , , ,1, ,1, , , , , , , , , , , , , , , , , , , , , , , , , , , , , , ,博士
1988,戊,午,大夫,疾厄,破軍, , , , , , , , , , ,1, ,1, , , ,1, , , , , , , ,1, , , , , , , , , , , , , , , ,官符
1988,己,未,大兄,財帛,天機,忌, ,忌, , , , , , , , , , , ,1, , , ,1, , , , , , , , , , , , , , , , , , , , , ,伏兵
1988,庚,申,大命,子女,紫微, , , ,天府, , , , ,1, , , , , , , , , , , , , , , , , , , ,1, , , , , , , , , , , ,大耗
1988,辛,酉,大父,夫妻,太陰,權, ,權, , , , , , , , ,1, , , , , , , , , , ,1, , , , , , , , , , , , , ,1,科, ,科,病符
1988,壬,戌,大福,兄弟,貪狼,祿, ,祿, , , , , , , , , , , , , , , , , , , , , , , , , , , , , , , , , , , , , ,喜神
1988,癸,亥,大田,命宮,巨門, , , , , , , , , , , , , , , , , , , , , ,1, , , , , , , , , , , , , , , , , , ,蜚廉
1989,甲,子,大官,父母,廉貞, , , ,天相, ,忌, , , , , , , , , , , , , , , , , , , , , , , , , , , , , , , , , , ,奏書
1989,乙,丑,大僕,福德,天梁, , ,科, , , , , , , , , , , , , , , , , , , , , , , , , , , , , , , , , , , , , ,將軍
1989,甲,寅,大遷,田宅,七殺, , , , , , , , , , , , , , , , , ,1, , , , , , , , , , , , , , , , , , , , , , ,小耗
1989,乙,卯,大疾,官祿,天同, ,科, , , , , , , , , , , , , , , , , ,1,1, , , , , , , , , , , , , , , , , , , ,青龍
1989,丙,辰,大財,僕役,武曲, ,權,祿, , , , , , , , , , ,1, , , , , , , , , ,1, , , , , , , , , , , , , , , , ,力士
1989,丁,巳,大子,遷移,太陽, ,祿, , , , , ,1, , , , , , , ,1, , , , , , , , , , , , , , , , , , , , , , , , ,博士
1989,戊,午,大夫,疾厄,破軍, , , , , , , , , ,1,1, , , , , ,1, , , , , , , ,1, , , , , , , , , , , , , , , ,官符
1989,己,未,大兄,財帛,天機,忌, , , , , , , , , , , ,1, ,1, , , ,1, , , , , , , , , , , , , , , , , , , , , ,伏兵
1989,庚,申,大命,子女,紫微, , , ,天府, , , , ,1, , , , , , , , , , , , , , , , , , , ,1, , ,忌, , , , , , , , ,大耗
1989,辛,酉,大父,夫妻,太陰,權, , , , , , , , , , ,1, , , , , , , , , , ,1, , , , , , , , , , , , , ,1,科, , ,病符
1989,壬,戌,大福,兄弟,貪狼,祿, ,權, , , , , , , , , , , , , , , , , , ,1, , , , , , , , , , , , , , , , , , ,喜神
1989,癸,亥,大田,命宮,巨門, , , , , , , , , , , , , , , , , , , , , , , , , , , , , , , , , , , , , , , , ,蜚廉
5限,甲,子,大僕,父母,廉貞, , , ,天相, , , , , , , , , , , , , , , , , , , , , , , , , , , , , , , , , , , , ,奏書
5限,乙,丑,大遷,福德,天梁, ,科, , , , , , , , , , , , , , , , , , , , , , , , , , , , , , , , , , , , , , ,將軍
5限,甲,寅,大疾,田宅,七殺, , , , , , , , , , , , , , , , , ,1, , , , , , , , , , , , , , , , , , , , , , ,小耗
5限,乙,卯,大財,官祿,天同, , , , , , , , , , , , , , , , , , , ,1,1, , , , , , , , , , , , , , , , , , , ,青龍
5限,丙,辰,大子,僕役,武曲, ,祿, , , , , , , , , , , ,1, , , , , , , , , , , , , , , , , , , , , , , , , , ,力士
5限,丁,巳,大夫,遷移,太陽, , , , , , , ,1, , , , , , ,1, , , , , , , , , , , , , , , , , , , , , , , , , ,博士
5限,戊,午,大兄,疾厄,破軍, , , , , , , , ,1, ,1, , , , , ,1, , , , , , , ,1, , , , , , , , , , , , , , , ,官符
5限,己,未,大命,財帛,天機,忌, , , , , , , , , , ,1, , , , , , ,1, , , , , , , , , , , , , , , , , , , , , ,伏兵
5限,庚,申,大父,子女,紫微, , , ,天府, , , , , , , , , , , , , , , , , , , , , , , , ,1, ,忌, , , , , , , , , ,大耗
5限,辛,酉,大福,夫妻,太陰,權, , , , , , , , , , , , , , , , , , , , , ,1, , , , , , , , , , , , , ,1,科, , ,病符
5限,壬,戌,大田,兄弟,貪狼,祿,權, , , , , , , , , , , , , , , , , , , , , , , , , , , , , , , , , , , , , , ,喜神
5限,癸,亥,大官,命宮,巨門, , , , , , , , , , , , , , , , , , , , , , , , , , , , , , , , , , , , , , , , ,蜚廉
1990,甲,子,大僕,父母,廉貞, , , ,天相, , ,忌, , , , , , , , , , , , , , , , , , , , , , , , , , , , , , , , , ,奏書
1990,乙,丑,大遷,福德,天梁, ,科, , , , , , , , , , , , , , , , , , , , , , , , , , , , , , , , , , , , , , ,將軍
1990,甲,寅,大疾,田宅,七殺, , , , , , , , , , , , , , , , , ,1, , , , , , , , , , , , , , , , , , , , , , ,小耗
1990,乙,卯,大財,官祿,天同, , ,科, , , , , , , , , , , , , , , , ,1,1, , ,1, , , , , , , , , , , , , , , , ,青龍
1990,丙,辰,大子,僕役,武曲, ,祿,權, , , , , , , , , , ,1, , , , , , , , , , , , , , , , , , , , , , , , , , ,力士
1990,丁,巳,大夫,遷移,太陽, , ,祿, , , , ,1, , , , , , ,1, , , , , , , , , , , , , , , , , , , , , , , , , ,博士
1990,戊,午,大兄,疾厄,破軍, , , , , , , , ,1, ,1, , , , , ,1, , , , , , , ,1, , , , , , , , , , , , , , , ,官符
1990,己,未,大命,財帛,天機,忌, , , , , , , , , , ,1, , , ,1, , ,1, , , , , , , , , , , , , , , , , , , , , ,伏兵
1990,庚,申,大父,子女,紫微, , , ,天府, , , , , ,1, , , , , , , , , , , , , , , , , , ,1, ,忌, , , , , , , , , ,大耗
1990,辛,酉,大福,夫妻,太陰,權, , , , , , , , , , , ,1, , , , , , , , , ,1, , , , , , , , , , , , , ,1,科, , ,病符
1990,壬,戌,大田,兄弟,貪狼,祿,權, , , , , , , , , , , , , , , , , , , , , , , , , , , , , , , , , , , , , , ,喜神
1990,癸,亥,大官,命宮,巨門, , , , , , , , , , , , , , , , , , , , , , , , , , , , , , , , , , , , , , , , ,蜚廉
1991,甲,子,大僕,父母,廉貞, , , ,天相, , , , , , , , , , , , , , , , , , , , , , , , , , , , , , , , , , , , ,奏書
1991,乙,丑,大遷,福德,天梁, ,科, , , , , , , , , , , , , , , , , , , , , , , , , , , , , , , , , , , , , , ,將軍
1991,甲,寅,大疾,田宅,七殺, , , , , , , , , , , , , , , , , ,1, , , , , ,1, , , , , , , , , , , , , , , , ,小耗
1991,乙,卯,大財,官祿,天同, , , , , , , , , , , , , , , , , , , ,1,1, , , , , , , , , , , , , , , , , , , ,青龍
1991,丙,辰,大子,僕役,武曲, ,祿, , , , , , , , , , , ,1, , , , , , , , , , , , , , , , , , , , , , , , , , ,力士
1991,丁,巳,大夫,遷移,太陽, , ,權, , , , ,1, , , , , , ,1, , , , , , , , , , , , , , , , , , , , , , , , , ,博士
1991,戊,午,大兄,疾厄,破軍, , , , , , , , ,1, ,1, , , , , ,1, , , , , , , ,1, , ,忌, , , , , , , , , , , , ,官符
1991,己,未,大命,財帛,天機,忌, , , , , , , , , , ,1, , , , , , ,1, , , , , , , , , , , , , , , , , , , , , ,伏兵
1991,庚,申,大父,子女,紫微, , , ,天府, , , , , , , , , , , ,1, , , , , , , , , , , , ,1, ,忌,科, , , , , , , , ,大耗
1991,辛,酉,大福,夫妻,太陰,權, , , , , , , , ,1, , , , , , , , , , , , ,1, , , , , , , , , , , , , ,1,科, , ,病符
1991,壬,戌,大田,兄弟,貪狼,祿,權, , , , , , , , , , ,1, , , , , , , , , , , , , , , , , , , , , , , , , , , ,喜神
1991,癸,亥,大官,命宮,巨門, , ,祿, , , , , , , , , , , , , , , , , , , , , , , , , , , , , , , , , , , , , ,蜚廉
1992,甲,子,大僕,父母,廉貞, , , ,天相, , , , , , , , ,1, , , , , , , , , , , , , , , , , , , , , , , , , , , ,奏書
1992,乙,丑,大遷,福德,天梁, ,科,祿, , , , , , , , , , , , , , , , , , , , ,1, , , , , , , , , , , , , , , , ,將軍
1992,甲,寅,大疾,田宅,七殺, , , , , , , , , , , , , , , , , ,1, , , , , , , , , , , , , , , , , , , , , , ,小耗
1992,乙,卯,大財,官祿,天同, , , , , , , , , , , , , , , , , , , ,1,1, , , , , , , , , , , , , , , , , , , ,青龍
1992,丙,辰,大子,僕役,武曲, ,祿,忌, , , , , , , , , , ,1, , , , , , , , , , , , , , , , , , , , , , , , , , ,力士
1992,丁,巳,大夫,遷移,太陽, , , , , , , ,1, , , , , , ,1, , , , , , , , , , , , , , , , , ,1, , ,科, , , , ,博士
1992,戊,午,大兄,疾厄,破軍, , , , , , , , ,1, ,1, , , , , ,1, , , , , , , ,1, , , , , , , , , , , , , , , ,官符
1992,己,未,大命,財帛,天機,忌, , , , , , , , , , ,1, , , , , , ,1, , ,1, , , , , , , , , , , , , , , , , , ,伏兵
1992,庚,申,大父,子女,紫微, , ,權,天府, , , , , , , , , , , , , , , , , , , , , , , , ,1, ,忌, , , , , , , , , ,大耗
1992,辛,酉,大福,夫妻,太陰,權, , , , , , , , , , , , , , , , , , , , , ,1, , , , , , , , , , , , , ,1,科, , ,病符
1992,壬,戌,大田,兄弟,貪狼,祿,權, , , , , , , , , , , , , ,1, , , , , , , , , , , , , , , , , , , , , , , , ,喜神
1992,癸,亥,大官,命宮,巨門, , , , , , , , , ,1, , , , , , , , , , , , , , , , , , , , , , , , , , , , , , ,蜚廉
1993,甲,子,大僕,父母,廉貞, , , ,天相, , , , , ,1, , , , , , , , , , , , , , , , , , , , , , , , , , , , , , ,奏書
1993,乙,丑,大遷,福德,天梁, ,科, , , , , , , , , , ,1, , , , , , , , , , , , , , , , , , , , , , , , , , , ,將軍
1993,甲,寅,大疾,田宅,七殺, , , , , , , , , , , , , , , , , ,1, , , , , , , , , , , , , , , , , , , , , , ,小耗
1993,乙,卯,大財,官祿,天同, , , , , , , , , , , , , , , , , , , ,1,1, , , , , , , , , , , , , , , , , , , ,青龍
1993,丙,辰,大子,僕役,武曲, ,祿, , , , , , , , , , , ,1, , , , , , , , , , , , , , , , , , , , , , , , , , ,力士
1993,丁,巳,大夫,遷移,太陽, , , , , , , ,1, , , , , , ,1, , , , , , , , , , , , , , , , , , , , , , , , , ,博士
1993,戊,午,大兄,疾厄,破軍, , ,祿, , , , , ,1, ,1, , , , , ,1, , , , ,1, , ,1, , , , , , , , , , , , , , , ,官符
1993,己,未,大命,財帛,天機,忌, , , , , , , , , , ,1, , , , , , ,1, , , , , , , , , , , , , , , , , , , , , ,伏兵
1993,庚,申,大父,子女,紫微, , , ,天府, , , , , , , , , , , , , , , , , , , , , , , , ,1, ,忌, , , , , , , , , ,大耗
1993,辛,酉,大福,夫妻,太陰,權, ,科, , , , , , , , , , , , , , , , , , , ,1, , , , , , , , , , , , , ,1,科, , ,病符
1993,壬,戌,大田,兄弟,貪狼,祿,權,忌, , , , , , , , , , , , , , , , , , , , , , , , , , , , , , , , , , , , , ,喜神
1993,癸,亥,大官,命宮,巨門, , ,權, , , , , , , , , , , , ,1, , , , , , , , , , , , , , , , , , , , , , , , ,蜚廉
1994,甲,子,大僕,父母,廉貞, , ,祿,天相, , , , , , , , , , , , , , , , , , , , , , , , , , , , , , , , , , , , ,奏書
1994,乙,丑,大遷,福德,天梁, ,科, , , , , , , , , , , , , ,1, , , , , , , , , , , , , , , , , , , , , , , , ,將軍
1994,甲,寅,大疾,田宅,七殺, , , , , , , , , ,1, , , , , , , ,1, , , , , , , , , , , , , , , , , , , , , , ,小耗
1994,乙,卯,大財,官祿,天同, , , , , , , , , , , , ,1, , , , , , ,1,1, , , , , , , , , , , , , , , , , , , ,青龍
1994,丙,辰,大子,僕役,武曲, ,祿,科, , , , , , , , , , ,1, , , , , , , , , , , , , , , , , , , , , , , , , , ,力士
1994,丁,巳,大夫,遷移,太陽, , ,忌, , , , ,1, , , , , , ,1, , , , , , ,1, , , , , , , , , , , , , , , , , , ,博士
1994,戊,午,大兄,疾厄,破軍, , ,權, , , , , ,1, ,1, , , , , ,1, , , , , , , ,1, , , , , , , , , , , , , , , ,官符
1994,己,未,大命,財帛,天機,忌, , , , , , , , , , ,1, , , , , , ,1, , , , , , , , , , , , , , , , , , , , , ,伏兵
1994,庚,申,大父,子女,紫微, , , ,天府, , , , , , , , , , , , , , , , , , , , , , , , ,1, ,忌, , , , , , , , , ,大耗
1994,辛,酉,大福,夫妻,太陰,權, , , , , , , , , , , , , , , , , , , , , ,1, , , , , , , , , , , , , ,1,科, , ,病符
1994,壬,戌,大田,兄弟,貪狼,祿,權, , , , , , , , , , , , , , , , , , , , , , , , , , , , , , , , , , , , , , ,喜神
1994,癸,亥,大官,命宮,巨門, , , , , , , , , , , , , , , , , , , , , , , ,1, , , , , , , , , , , , , , , , ,蜚廉
1995,甲,子,大僕,父母,廉貞, , , ,天相, , , , , , , , , , , , , , , , , , , , , , , , , , , , , , , , , , , , ,奏書
1995,乙,丑,大遷,福德,天梁, ,科,權, , , , , , , , , , , , , , , , , , , , , , , , , , , , , , , , , , , , , ,將軍
1995,甲,寅,大疾,田宅,七殺, , , , , , , , , , , , , , , ,1, ,1, , , , , , , , , , , , , , , , , , , , , , ,小耗
1995,乙,卯,大財,官祿,天同, , , , , , , , , ,1, , , , , , , , , ,1,1, , , , , , , , , , , , , , , , , , , ,青龍
1995,丙,辰,大子,僕役,武曲, ,祿, , , , , , , , , , ,1,1, , , , , , , , , , , , , , , , , , , , , , , , , , ,力士
1995,丁,巳,大夫,遷移,太陽, , , , , , , ,1, , , , , , ,1, , , , , , , , , , , , , , , , , , , , , , , , , ,博士
1995,戊,午,大兄,疾厄,破軍, , , , , , , , ,1, ,1, , , , , ,1, , , , , , , ,1, , , , , , , , , , , , , , , ,官符
1995,己,未,大命,財帛,天機,忌, ,祿, , , , , , , , ,1, , , , , , ,1, , , , , , , , , , , , , , , , , , , , , ,伏兵
1995,庚,申,大父,子女,紫微, , ,科,天府, , , , , , , , , , , , , , , , , , , , , , , , ,1, ,忌, , , , , , , , , ,大耗
1995,辛,酉,大福,夫妻,太陰,權, ,忌, , , , , , , , , , , , , , , , , , , ,1, , , , , , , , , , , , , ,1,科, , ,病符
1995,壬,戌,大田,兄弟,貪狼,祿,權, , , , , , , , , , , , , , , , , , , , , ,1, , , , , , , , , , , , , , , , ,喜神
1995,癸,亥,大官,命宮,巨門, , , , , , , , , , , , , , , , , , , , , , , , , , , , , , , , , , , , , , , , ,蜚廉
1996,甲,子,大僕,父母,廉貞, , ,忌,天相, , , , , , , , , , , , , , , , , , , , , , , , , , , , , , , , , , , , ,奏書
1996,乙,丑,大遷,福德,天梁, ,科, , , , , , , , , , , , , , , , , , , , , , , , , , , , , , , , , , , , , , ,將軍
1996,甲,寅,大疾,田宅,七殺, , , , , , , , , , , , , , , , , ,1, , , , , , , , , , , , , , , , , , , , , , ,小耗
1996,乙,卯,大財,官祿,天同, , ,祿, , , , , , , , , , , , , , , , ,1,1,1, , , , , , , , , , , , , , , , , , ,青龍
1996,丙,辰,大子,僕役,武曲, ,祿, , , , , , , , , , , ,1, ,1, , , , , , , , , , , , , , , , , , , , , , , , ,力士
1996,丁,巳,大夫,遷移,太陽, , , , , , , ,1, ,1, , , , ,1, , , , , , , , , , , , , , , , , , , , , , , , , ,博士
1996,戊,午,大兄,疾厄,破軍, , , , , , , , ,1, ,1, ,1, , , ,1, , , , , , , ,1, , ,科, , , , , , , , , , , , ,官符
1996,己,未,大命,財帛,天機,忌, ,權, , , , , , , , ,1, , , , , , ,1, , , , , , , , , , , , , , , , , , , , , ,伏兵
1996,庚,申,大父,子女,紫微, , , ,天府, , , , , , , , , , , , , , , , , , , , , , , , ,1, ,忌, , , , , , , , , ,大耗
1996,辛,酉,大福,夫妻,太陰,權, , , , , , , , , , , , , , , , , , , , , ,1,1, , , , , , , , , , , , ,1,科, , ,病符
1996,壬,戌,大田,兄弟,貪狼,祿,權, , , , , , , , , , , , , , , , , , , , , , , , , , , , , , , , , , , , , , ,喜神
1996,癸,亥,大官,命宮,巨門, , , , , , , , , , , , , , , , , , , , , , , , , , , , , , , , , , , , , , , , ,蜚廉
1997,甲,子,大僕,父母,廉貞, , , ,天相, , , , , , , , , , , , , , , , , , , , , , , , , , , , , , , , , , , , ,奏書
1997,乙,丑,大遷,福德,天梁, ,科, , , , , , , , , , , , , , , , , , , , , , , , , , , , , , , , , , , , , , ,將軍
1997,甲,寅,大疾,田宅,七殺, , , , , , , , , , , , , , , , , ,1, , , ,1, , , , , , , , , , , , , , , , , , ,小耗
1997,乙,卯,大財,官祿,天同, , ,權, , , , , , , , , , , , , , , , ,1,1, , , , , , , , , , , , , , , , , , , ,青龍
1997,丙,辰,大子,僕役,武曲, ,祿, , , , , , , , , , , ,1, , , , , , , , , , , , , , , , , , , , , , , , , , ,力士
1997,丁,巳,大夫,遷移,太陽, , , , , , , ,1, , , , , , ,1,1, , , , , , , , , , , , , , , , , , , , , , , , ,博士
1997,戊,午,大兄,疾厄,破軍, , , , , , , , ,1,1,1, , , , , ,1, , , , , , , ,1, , , , , , , , , , , , , , , ,官符
1997,己,未,大命,財帛,天機,忌, ,科, , , , , , , , ,1,1, , , , , ,1, , , , , , , , , , , , , , , , , , , , , ,伏兵
1997,庚,申,大父,子女,紫微, , , ,天府, , , , , , , , , , , , , , , , , , , ,1, , , , ,1, ,忌, , , , , , , , , ,大耗
1997,辛,酉,大福,夫妻,太陰,權, ,祿, , , , , , , , , , , , , , , , , , , ,1, , , , , , , , , , , , , ,1,科, , ,病符
1997,壬,戌,大田,兄弟,貪狼,祿,權, , , , , , , , , , , , , , , , , , , , , , , , , , , , , , , , , , , , , , ,喜神
1997,癸,亥,大官,命宮,巨門, , ,忌, , , , , , , , , , , , , , , , , , , , , , , , , , , , , , , , , , , , , ,蜚廉
1998,甲,子,大僕,父母,廉貞, , , ,天相, , , , , , , , , , , , , , , , , , , , , , , , , , , , , , , , , , , , ,奏書
1998,乙,丑,大遷,福德,天梁, ,科, , , , , , , , , , , , , , , , , , , ,1, , , , , , , , , , , , , , , , , , ,將軍
1998,甲,寅,大疾,田宅,七殺, , , , , , , , , , , , , , , , , ,1, , , , , , , , , , , , , , , , , , , , , , ,小耗
1998,乙,卯,大財,官祿,天同, , , , , , , , , , , , , , , , , , , ,1,1, , , , , , , , , , , , , , , , , , , ,青龍
1998,丙,辰,大子,僕役,武曲, ,祿, , , , , , , , , , , ,1, ,1, , , , , , , , , , , , , , , , , , , , , , , , ,力士
1998,丁,巳,大夫,遷移,太陽, , , , , , , ,1, ,1, , , , ,1, , , , , , , , , , , , , , , , , , , , , , , , , ,博士
1998,戊,午,大兄,疾厄,破軍, , , , , , , , ,1, ,1, ,1, , , ,1, , , , , , , ,1, , , , , , , , , , , , , , , ,官符
1998,己,未,大命,財帛,天機,忌, ,忌, , , , , , , , ,1, , , , , , ,1, , , , ,1, , , , , , , , , , , , , , , , ,伏兵
1998,庚,申,大父,子女,紫微, , , ,天府, , , , , , , , , , , , , , , , , , , , , , , , ,1, ,忌, , , , , , , , , ,大耗
1998,辛,酉,大福,夫妻,太陰,權, ,權, , , , , , , , , , , , , , , , , , , ,1, , , , , , , , , , , , , ,1,科, ,科,病符
1998,壬,戌,大田,兄弟,貪狼,祿,權,祿, , , , , , , , , , , , , , , , , , , , , , , , , , , , , , , , , , , , , ,喜神
1998,癸,亥,大官,命宮,巨門, , , , , , , , , , , , , , , , , , , , , , , , , , , , , , , , , , , , , , , , ,蜚廉
1999,甲,子,大僕,父母,廉貞, , , ,天相, , , , , , , , , , , , , , , , , ,1, , , , , , , , , , , , , , , , , , ,奏書
1999,乙,丑,大遷,福德,天梁, ,科,科, , , , , , , , , , , , , , , , , , , , , , , , , , , , , , , , , , , , , ,將軍
1999,甲,寅,大疾,田宅,七殺, , , , , , , , , , , , , , , , , ,1, , , , , , , , , , , , , , , , , , , , , , ,小耗
1999,乙,卯,大財,官祿,天同, , , , , , , , , , , , , , , , , , , ,1,1, , , , , , , , , , , , , , , , , , , ,青龍
1999,丙,辰,大子,僕役,武曲, ,祿,祿, , , , , , , , , , ,1, , , , , , , , , , , , , , , , , , , , , , , , , , ,力士
1999,丁,巳,大夫,遷移,太陽, , , , , , , ,1, , , , , , ,1,1, , , , , , , , , , , , , , , , , , , , , , , , ,博士
1999,戊,午,大兄,疾厄,破軍, , , , , , , , ,1,1,1, , , , , ,1, , , , , , , ,1, , , , , , , , , , , , , , , ,官符
1999,己,未,大命,財帛,天機,忌, , , , , , , , , , ,1,1, , , , , ,1, , , , , , , , , , , , , , , , , , , , , ,伏兵
1999,庚,申,大父,子女,紫微, , , ,天府, , , , , , , , , , , , , , , , , , , , , , , , ,1, ,忌,忌, , , , , , , , ,大耗
1999,辛,酉,大福,夫妻,太陰,權, , , , , , , , , , , , , , , , , , , , , ,1, , , , , , , , , , , , , ,1,科, , ,病符
1999,壬,戌,大田,兄弟,貪狼,祿,權,權, , , , , , , , , , , , , , , , , , , , , , , , , , , , , , , , , , , , , ,喜神
1999,癸,亥,大官,命宮,巨門, , , , , , , , , , , , , , , , , , , , , , , , , , , , , , , , , , , , , , , , ,蜚廉
6限,甲,子,大遷,父母,廉貞, , , ,天相, , , , , , , , , , , , , , , , , , , , , , , , , , , , , , , , , , , , ,奏書
6限,乙,丑,大疾,福德,天梁, , , , , , , , , , , , , , , , , , , , , , , , , , , , , , , , , , , , , , , , ,將軍
6限,甲,寅,大財,田宅,七殺, , , , , , , , , , , , , , , , , ,1, , , , , , , , , , , , , , , , , , , , , , ,小耗
6限,乙,卯,大子,官祿,天同, , , , , , , , , , , , , , , , , , , ,1,1, , , , , , , , , , , , , , , , , , , ,青龍
6限,丙,辰,大夫,僕役,武曲, , , , , , , , , , , , , ,1,1, , , , , , , , , , , , , , , , , , , , , , , , , ,力士
6限,丁,巳,大兄,遷移,太陽, , , , , , , ,1,1, , , , , , , , , , , , , , , , , , , , , , , , , , , , , , , ,博士
6限,戊,午,大命,疾厄,破軍, , , , , , , , , , ,1,1, , , , ,1, , , , , , , ,1, , , , , , , , , , , , , , , ,官符
6限,己,未,大父,財帛,天機,忌,忌, , , , , , , , , , , , , , , , ,1, , , , , , , , , , , , , , , , , , , , , ,伏兵
6限,庚,申,大福,子女,紫微, , , ,天府, , , , , , , , , , , , , , , , , , , , , , , , ,1, , , , , , , , , , , ,大耗
6限,辛,酉,大田,夫妻,太陰,權,權, , , , , , , , , , , , , , , , , , , , ,1, , , , , , , , , , , , , ,1,科,科, ,病符
6限,壬,戌,大官,兄弟,貪狼,祿,祿, , , , , , , , , , , , , , , , , , , , , , , , , , , , , , , , , , , , , , ,喜神
6限,癸,亥,大僕,命宮,巨門, , , , , , , , , , , , , , , , , , , , , , , , , , , , , , , , , , , , , , , , ,蜚廉
2000,甲,子,大遷,父母,廉貞, , , ,天相, , ,忌, , , , , , , , , , , , , , , , , , , , , , , , , , , , , , , , , ,奏書
2000,乙,丑,大疾,福德,天梁, , , , , , , , , , , , , , , , , , , , , , , , , , , , , , , , , , , , , , , , ,將軍
2000,甲,寅,大財,田宅,七殺, , , , , , , , , , , , , , , , , ,1, , , , , , , , , , , , , , , , , , , , , , ,小耗
2000,乙,卯,大子,官祿,天同, , ,科, , , , , , , , , , , , , , , , ,1,1, , , , , , , , , , , , , , , , , , , ,青龍
2000,丙,辰,大夫,僕役,武曲, , ,權, , , , , , , , , , ,1,1, , , , , , , , , , , , , , , , , , , , , , , , , ,力士
2000,丁,巳,大兄,遷移,太陽, , ,祿, , , , ,1,1, , , , , , , , , , , , , , ,1, , , , , , , , , , , , , , , , ,博士
2000,戊,午,大命,疾厄,破軍, , , , , , , , , , ,1,1, , , , ,1, , , , , , , ,1, , , , , , , , , , , , , , , ,官符
2000,己,未,大父,財帛,天機,忌,忌, , , , , , , , , , , , , ,1, , ,1, , , , , , , , , , , , , , , , , , , , , ,伏兵
2000,庚,申,大福,子女,紫微, , , ,天府, , , , , ,1, , , , , , , , , , , , , , , , , , ,1, , , , , , , , , , , ,大耗
2000,辛,酉,大田,夫妻,太陰,權,權, , , , , , , , , , ,1, , , , , , , , , ,1, , , , , , , , , , , , , ,1,科,科, ,病符
2000,壬,戌,大官,兄弟,貪狼,祿,祿, , , , , , , , , , , , , , , , , , , , , , , , , , , , , , , , , , , , , , ,喜神
2000,癸,亥,大僕,命宮,巨門, , , , , , , , , , , , , , , , , , , , , ,1, , , , , , , , , , , , , , , , , , ,蜚廉
2001,甲,子,大遷,父母,廉貞, , , ,天相, , , , , , , , , , , , , , , , , , , , , , , , , , , , , , , , , , , , ,奏書
2001,乙,丑,大疾,福德,天梁, , , , , , , , , , , , , , , , , , , , , , , , , , , , , , , , , , , , , , , , ,將軍
2001,甲,寅,大財,田宅,七殺, , , , , , , , , , , , , , , , , ,1, , , , , , , , , , , , , , , , , , , , , , ,小耗
2001,乙,卯,大子,官祿,天同, , , , , , , , , , , , , , , , , , , ,1,1, , , , , , , , , , , , , , , , , , , ,青龍
2001,丙,辰,大夫,僕役,武曲, , , , , , , , , , , , , ,1,1, , , , , , , , ,1, , , , , , , , , , , , , , , , ,力士
2001,丁,巳,大兄,遷移,太陽, , ,權, , , , ,1,1, , , , , , , , , , , , , , , , , , , , , , , , , , , , , , , ,博士
2001,戊,午,大命,疾厄,破軍, , , , , , , , , , ,1,1, , , , ,1, , , , , , , ,1, , ,忌, , , , , , , , , , , , ,官符
2001,己,未,大父,財帛,天機,忌,忌, , , , , , , , , , , , , , , , ,1, , , , , , , , , , , , , , , , , , , , , ,伏兵
2001,庚,申,大福,子女,紫微, , , ,天府, , , , , , , , , , , ,1, , , , , , , , , , , , ,1, , ,科, , , , , , , , ,大耗
2001,辛,酉,大田,夫妻,太陰,權,權, , , , , , , ,1, , , , , , , , , , , , ,1, , , , , , , , , , , , , ,1,科,科, ,病符
2001,壬,戌,大官,兄弟,貪狼,祿,祿, , , , , , , , , , ,1, , , , , , , , , , , , , , , , , , , , , , , , , , , ,喜神
2001,癸,亥,大僕,命宮,巨門, , ,祿, , , , , , , , , , , , , , , , , , , , , , , , , , , , , , , , , , , , , ,蜚廉
2002,甲,子,大遷,父母,廉貞, , , ,天相, , , , , , , , ,1, , , , , , , , , , , , , , , , , , , , , , , , , , , ,奏書
2002,乙,丑,大疾,福德,天梁, , ,祿, , , , , , , , , , , , , , , , , , , , , , , , , , , , , , , , , , , , , ,將軍
2002,甲,寅,大財,田宅,七殺, , , , , , , , , , , , , , , , , ,1, , , , , , , , , , , , , , , , , , , , , , ,小耗
2002,乙,卯,大子,官祿,天同, , , , , , , , , , , , , , , , , , , ,1,1, , ,1, , , , , , , , , , , , , , , , ,青龍
2002,丙,辰,大夫,僕役,武曲, , ,忌, , , , , , , , , , ,1,1, , , , , , , , , , , , , , , , , , , , , , , , , ,力士
2002,丁,巳,大兄,遷移,太陽, , , , , , , ,1,1, , , , , , , , , , , , , , , , , , , , , , , ,1, , ,科, , , , ,博士
2002,戊,午,大命,疾厄,破軍, , , , , , , , , , ,1,1, , , , ,1, , , , , , , ,1, , , , , , , , , , , , , , , ,官符
2002,己,未,大父,財帛,天機,忌,忌, , , , , , , , , , , , , , , , ,1, , , , , , , , , , , , , , , , , , , , , ,伏兵
2002,庚,申,大福,子女,紫微, , ,權,天府, , , , , , , , , , , , , , , , , , , , , , , , ,1, , , , , , , , , , , ,大耗
2002,辛,酉,大田,夫妻,太陰,權,權, , , , , , , , , , , , , , , , , , , ,1,1, , , , , , , , , , , , , ,1,科,科, ,病符
2002,壬,戌,大官,兄弟,貪狼,祿,祿, , , , , , , , , , , , , ,1, , , , , , , , , , , , , , , , , , , , , , , , ,喜神
2002,癸,亥,大僕,命宮,巨門, , , , , , , , , ,1, , , , , , , , , , , , , , , , , , , , , , , , , , , , , , ,蜚廉
2003,甲,子,大遷,父母,廉貞, , , ,天相, , , , , ,1, , , , , , , , , , , , , , , , , , , , , , , , , , , , , , ,奏書
2003,乙,丑,大疾,福德,天梁, , , , , , , , , , , , ,1, , , , , , , , , , , , , , , , , , , , , , , , , , , ,將軍
2003,甲,寅,大財,田宅,七殺, , , , , , , , , , , , , , , , , ,1, , , , , ,1, , , , , , , , , , , , , , , , ,小耗
2003,乙,卯,大子,官祿,天同, , , , , , , , , , , , , , , , , , , ,1,1, , , , , , , , , , , , , , , , , , , ,青龍
2003,丙,辰,大夫,僕役,武曲, , , , , , , , , , , , , ,1,1, , , , , , , , , , , , , , , , , , , , , , , , , ,力士
2003,丁,巳,大兄,遷移,太陽, , , , , , , ,1,1, , , , , , , , , , , , , , , , , , , , , , , , , , , , , , , ,博士
2003,戊,午,大命,疾厄,破軍, , ,祿, , , , , , , ,1,1, , , , ,1, , , , , , , ,1, , , , , , , , , , , , , , , ,官符
2003,己,未,大父,財帛,天機,忌,忌, , , , , , , , , , , , , , , , ,1, , , , , , , , , , , , , , , , , , , , , ,伏兵
2003,庚,申,大福,子女,紫微, , , ,天府, , , , , , , , , , , , , , , , , ,1, , , , , , ,1, , , , , , , , , , , ,大耗
2003,辛,酉,大田,夫妻,太陰,權,權,科, , , , , , , , , , , , , , , , , , , ,1, , , , , , , , , , , , , ,1,科,科, ,病符
2003,壬,戌,大官,兄弟,貪狼,祿,祿,忌, , , , , , , , , , , , , , , , , , , , , , , , , , , , , , , , , , , , , ,喜神
2003,癸,亥,大僕,命宮,巨門, , ,權, , , , , , , , , , , , ,1, , , , , , , , , , , , , , , , , , , , , , , , ,蜚廉
2004,甲,子,大遷,父母,廉貞, , ,祿,天相, , , , , , , , , , , , , , , , , , , , , , , , , , , , , , , , , , , , ,奏書
2004,乙,丑,大疾,福德,天梁, , , , , , , , , , , , , , , ,1, , , , , , , , , , , , , , , , , , , , , , , , ,將軍
2004,甲,寅,大財,田宅,七殺, , , , , , , , , ,1, , , , , , , ,1, , , , , , , , , , , , , , , , , , , , , , ,小耗
2004,乙,卯,大子,官祿,天同, , , , , , , , , , , , ,1, , , , , , ,1,1, , , , , , , , , , , , , , , , , , , ,青龍
2004,丙,辰,大夫,僕役,武曲, , ,科, , , , , , , , , , ,1,1, , , , , , , , , , , , , , , , , , , , , , , , , ,力士
2004,丁,巳,大兄,遷移,太陽, , ,忌, , , , ,1,1, , , , , , , , , , , , , , , , , , , , , , , , , , , , , , , ,博士
2004,戊,午,大命,疾厄,破軍, , ,權, , , , , , , ,1,1, , , , ,1, , , , , , , ,1, , , , , , , , , , , , , , , ,官符
2004,己,未,大父,財帛,天機,忌,忌, , , , , , , , , , , , , , , , ,1, , ,1, , , , , , , , , , , , , , , , , , ,伏兵
2004,庚,申,大福,子女,紫微, , , ,天府, , , , , , , , , , , , , , , , , , , , , , , , ,1, , , , , , , , , , , ,大耗
2004,辛,酉,大田,夫妻,太陰,權,權, , , , , , , , , , , , , , , , , , , , ,1, , , , , , , , , , , , , ,1,科,科, ,病符
2004,壬,戌,大官,兄弟,貪狼,祿,祿, , , , , , , , , , , , , , , , , , , , , , , , , , , , , , , , , , , , , , ,喜神
2004,癸,亥,大僕,命宮,巨門, , , , , , , , , , , , , , , , , , , , , , , , , , , , , , , , , , , , , , , , ,蜚廉
2005,甲,子,大遷,父母,廉貞, , , ,天相, , , , , , , , , , , , , , , , , , , ,1, , , , , , , , , , , , , , , , ,奏書
2005,乙,丑,大疾,福德,天梁, , ,權, , , , , , , , , , , , , , , , , , , , , , , , , , , , , , , , , , , , , ,將軍
2005,甲,寅,大財,田宅,七殺, , , , , , , , , , , , , , , ,1, ,1, , , , , , , , , , , , , , , , , , , , , , ,小耗
2005,乙,卯,大子,官祿,天同, , , , , , , , , ,1, , , , , , , , , ,1,1, , , , , , , , , , , , , , , , , , , ,青龍
2005,丙,辰,大夫,僕役,武曲, , , , , , , , , , , , ,1,1,1, , , , , , , , , , , , , , , , , , , , , , , , , ,力士
2005,丁,巳,大兄,遷移,太陽, , , , , , , ,1,1, , , , , , , , , , , , , , , , , , , , , , , , , , , , , , , ,博士
2005,戊,午,大命,疾厄,破軍, , , , , , , , , , ,1,1, , , , ,1, , , , ,1, , ,1, , , , , , , , , , , , , , , ,官符
2005,己,未,大父,財帛,天機,忌,忌,祿, , , , , , , , , , , , , , , ,1, , , , , , , , , , , , , , , , , , , , , ,伏兵
2005,庚,申,大福,子女,紫微, , ,科,天府, , , , , , , , , , , , , , , , , , , , , , , , ,1, , , , , , , , , , , ,大耗
2005,辛,酉,大田,夫妻,太陰,權,權,忌, , , , , , , , , , , , , , , , , , , ,1, , , , , , , , , , , , , ,1,科,科, ,病符
2005,壬,戌,大官,兄弟,貪狼,祿,祿, , , , , , , , , , , , , , , , , , , , , , , , , , , , , , , , , , , , , , ,喜神
2005,癸,亥,大僕,命宮,巨門, , , , , , , , , , , , , , , , , , , , , , , , , , , , , , , , , , , , , , , , ,蜚廉
2006,甲,子,大遷,父母,廉貞, , ,忌,天相, , , , , , , , , , , , , , , , , , , , , , , , , , , , , , , , , , , , ,奏書
2006,乙,丑,大疾,福德,天梁, , , , , , , , , , , , , , , , , , , , , , , , , , , , , , , , , , , , , , , , ,將軍
2006,甲,寅,大財,田宅,七殺, , , , , , , , , , , , , , , , , ,1, , , , , , , , , , , , , , , , , , , , , , ,小耗
2006,乙,卯,大子,官祿,天同, , ,祿, , , , , , , , , , , , , , , , ,1,1, , , , , , , , , , , , , , , , , , , ,青龍
2006,丙,辰,大夫,僕役,武曲, , , , , , , , , , , , , ,1,1,1, , , , , , , , , , , , , , , , , , , , , , , , ,力士
2006,丁,巳,大兄,遷移,太陽, , , , , , , ,1,1,1, , , , , , , , , , , , , , , , , , , , , , , , , , , , , , ,博士
2006,戊,午,大命,疾厄,破軍, , , , , , , , , , ,1,1,1, , , ,1, , , , , , , ,1, , ,科, , , , , , , , , , , , ,官符
2006,己,未,大父,財帛,天機,忌,忌,權, , , , , , , , , , , , , , , ,1, , , , , , , , , , , , , , , , , , , , , ,伏兵
2006,庚,申,大福,子女,紫微, , , ,天府, , , , , , , , , , , , , , , , , , , , , , , , ,1, , , , , , , , , , , ,大耗
2006,辛,酉,大田,夫妻,太陰,權,權, , , , , , , , , , , , , , , , , , , , ,1, , , , , , , , , , , , , ,1,科,科, ,病符
2006,壬,戌,大官,兄弟,貪狼,祿,祿, , , , , , , , , , , , , , , , , , , , , , , , , , , , , , , , , , , , , , ,喜神
2006,癸,亥,大僕,命宮,巨門, , , , , , , , , , , , , , , , , , , , , , , ,1, , , , , , , , , , , , , , , , ,蜚廉
2007,甲,子,大遷,父母,廉貞, , , ,天相, , , , , , , , , , , , , , , , , , , , , , , , , , , , , , , , , , , , ,奏書
2007,乙,丑,大疾,福德,天梁, , , , , , , , , , , , , , , , , , , , , , , , , , , , , , , , , , , , , , , , ,將軍
2007,甲,寅,大財,田宅,七殺, , , , , , , , , , , , , , , , , ,1, , , , , , , , , , , , , , , , , , , , , , ,小耗
2007,乙,卯,大子,官祿,天同, , ,權, , , , , , , , , , , , , , , , ,1,1, , , , , , , , , , , , , , , , , , , ,青龍
2007,丙,辰,大夫,僕役,武曲, , , , , , , , , , , , , ,1,1, , , , , , ,1, , , , , , , , , , , , , , , , , , ,力士
2007,丁,巳,大兄,遷移,太陽, , , , , , , ,1,1, , , , , , ,1, , , , , , , , , , , , , , , , , , , , , , , , ,博士
2007,戊,午,大命,疾厄,破軍, , , , , , , , , ,1,1,1, , , , ,1, , , , , , , ,1, , , , , , , , , , , , , , , ,官符
2007,己,未,大父,財帛,天機,忌,忌,科, , , , , , , , , ,1, , , , , ,1, , , , , , , , , , , , , , , , , , , , , ,伏兵
2007,庚,申,大福,子女,紫微, , , ,天府, , , , , , , , , , , , , , , , , , , , , , , , ,1, , , , , , , , , , , ,大耗
2007,辛,酉,大田,夫妻,太陰,權,權,祿, , , , , , , , , , , , , , , , , , , ,1, , , , , , , , , , , , , ,1,科,科, ,病符
2007,壬,戌,大官,兄弟,貪狼,祿,祿, , , , , , , , , , , , , , , , , , , , , ,1, , , , , , , , , , , , , , , , ,喜神
2007,癸,亥,大僕,命宮,巨門, , ,忌, , , , , , , , , , , , , , , , , , , , , , , , , , , , , , , , , , , , , ,蜚廉
2008,甲,子,大遷,父母,廉貞, , , ,天相, , , , , , , , , , , , , , , , , , , , , , , , , , , , , , , , , , , , ,奏書
2008,乙,丑,大疾,福德,天梁, , , , , , , , , , , , , , , , , , , , , , , , , , , , , , , , , , , , , , , , ,將軍
2008,甲,寅,大財,田宅,七殺, , , , , , , , , , , , , , , , , ,1, , , , , , , , , , , , , , , , , , , , , , ,小耗
2008,乙,卯,大子,官祿,天同, , , , , , , , , , , , , , , , , , , ,1,1,1, , , , , , , , , , , , , , , , , , ,青龍
2008,丙,辰,大夫,僕役,武曲, , , , , , , , , , , , , ,1,1,1, , , , , , , , , , , , , , , , , , , , , , , , ,力士
2008,丁,巳,大兄,遷移,太陽, , , , , , , ,1,1,1, , , , , , , , , , , , , , , , , , , , , , , , , , , , , , ,博士
2008,戊,午,大命,疾厄,破軍, , , , , , , , , , ,1,1,1, , , ,1, , , , , , , ,1, , , , , , , , , , , , , , , ,官符
2008,己,未,大父,財帛,天機,忌,忌,忌, , , , , , , , , , , , , , , ,1, , , , , , , , , , , , , , , , , , , , , ,伏兵
2008,庚,申,大福,子女,紫微, , , ,天府, , , , , , , , , , , , , , , , , , , , , , , , ,1, , , , , , , , , , , ,大耗
2008,辛,酉,大田,夫妻,太陰,權,權,權, , , , , , , , , , , , , , , , , , , ,1,1, , , , , , , , , , , , ,1,科,科,科,病符
2008,壬,戌,大官,兄弟,貪狼,祿,祿,祿, , , , , , , , , , , , , , , , , , , , , , , , , , , , , , , , , , , , , ,喜神
2008,癸,亥,大僕,命宮,巨門, , , , , , , , , , , , , , , , , , , , , , , , , , , , , , , , , , , , , , , , ,蜚廉
2009,甲,子,大遷,父母,廉貞, , , ,天相, , , , , , , , , , , , , , , , , , , , , , , , , , , , , , , , , , , , ,奏書
2009,乙,丑,大疾,福德,天梁, , ,科, , , , , , , , , , , , , , , , , , , , , , , , , , , , , , , , , , , , , ,將軍
2009,甲,寅,大財,田宅,七殺, , , , , , , , , , , , , , , , , ,1, , , ,1, , , , , , , , , , , , , , , , , , ,小耗
2009,乙,卯,大子,官祿,天同, , , , , , , , , , , , , , , , , , , ,1,1, , , , , , , , , , , , , , , , , , , ,青龍
2009,丙,辰,大夫,僕役,武曲, , ,祿, , , , , , , , , , ,1,1, , , , , , , , , , , , , , , , , , , , , , , , , ,力士
2009,丁,巳,大兄,遷移,太陽, , , , , , , ,1,1, , , , , , ,1, , , , , , , , , , , , , , , , , , , , , , , , ,博士
2009,戊,午,大命,疾厄,破軍, , , , , , , , , ,1,1,1, , , , ,1, , , , , , , ,1, , , , , , , , , , , , , , , ,官符
2009,己,未,大父,財帛,天機,忌,忌, , , , , , , , , , ,1, , , , , ,1, , , , , , , , , , , , , , , , , , , , , ,伏兵
2009,庚,申,大福,子女,紫微, , , ,天府, , , , , , , , , , , , , , , , , , , ,1, , , , ,1, , ,忌, , , , , , , , ,大耗
2009,辛,酉,大田,夫妻,太陰,權,權, , , , , , , , , , , , , , , , , , , , ,1, , , , , , , , , , , , , ,1,科,科, ,病符
2009,壬,戌,大官,兄弟,貪狼,祿,祿,權, , , , , , , , , , , , , , , , , , , , , , , , , , , , , , , , , , , , , ,喜神
2009,癸,亥,大僕,命宮,巨門, , , , , , , , , , , , , , , , , , , , , , , , , , , , , , , , , , , , , , , , ,蜚廉
7限,甲,子,大疾,父母,廉貞, , , ,天相, , , , , , , , , , , , , , , , , , , , , , , , , , , , , , , , , , , , ,奏書
7限,乙,丑,大財,福德,天梁, , , , , , , , , , , , , , , , , , , , , , , , , , , , , , , , , , , , , , , , ,將軍
7限,甲,寅,大子,田宅,七殺, , , , , , , , , , , , , , , , , ,1, , , , , , , , , , , , , , , , , , , , , , ,小耗
7限,乙,卯,大夫,官祿,天同, ,權, , , , , , , , , , , , , , , , , ,1,1, , , , , , , , , , , , , , , , , , , ,青龍
7限,丙,辰,大兄,僕役,武曲, , , , , , , , , , , , , ,1, , , , , , , , , , , , , , , , , , , , , , , , , , ,力士
7限,丁,巳,大命,遷移,太陽, , , , , , , ,1, , , , , , ,1, , , , , , , , , , , , , , , , , , , , , , , , , ,博士
7限,戊,午,大父,疾厄,破軍, , , , , , , , ,1, ,1, , , , , ,1, , , , , , , ,1, , , , , , , , , , , , , , , ,官符
7限,己,未,大福,財帛,天機,忌,科, , , , , , , , , ,1, , , , , , ,1, , , , , , , , , , , , , , , , , , , , , ,伏兵
7限,庚,申,大田,子女,紫微, , , ,天府, , , , , , , , , , , , , , , , , , , , , , , , ,1, , , , , , , , , , , ,大耗
7限,辛,酉,大官,夫妻,太陰,權,祿, , , , , , , , , , , , , , , , , , , , ,1, , , , , , , , , , , , , ,1,科, , ,病符
7限,壬,戌,大僕,兄弟,貪狼,祿, , , , , , , , , , , , , , , , , , , , , , , , , , , , , , , , , , , , , , , ,喜神
7限,癸,亥,大遷,命宮,巨門, ,忌, , , , , , , , , , , , , , , , , , , , , , , , , , , , , , , , , , , , , , ,蜚廉
2010,甲,子,大疾,父母,廉貞, , , ,天相, , ,忌, , , , , , , , , , , , , , , , , , , , , , , , , , , , , , , , , ,奏書
2010,乙,丑,大財,福德,天梁, , , , , , , , , , , , , , , , , , , , , ,1, , , , , , , , , , , , , , , , , , ,將軍
2010,甲,寅,大子,田宅,七殺, , , , , , , , , , , , , , , , , ,1, , , , , , , , , , , , , , , , , , , , , , ,小耗
2010,乙,卯,大夫,官祿,天同, ,權,科, , , , , , , , , , , , , , , , ,1,1, , , , , , , , , , , , , , , , , , , ,青龍
2010,丙,辰,大兄,僕役,武曲, , ,權, , , , , , , , , , ,1, , , , , , , , , , , , , , , , , , , , , , , , , , ,力士
2010,丁,巳,大命,遷移,太陽, , ,祿, , , , ,1, , , , , , ,1, , , , , , , , , , , , , , , , , , , , , , , , , ,博士
2010,戊,午,大父,疾厄,破軍, , , , , , , , ,1, ,1, , , , , ,1, , , , , , , ,1, , , , , , , , , , , , , , , ,官符
2010,己,未,大福,財帛,天機,忌,科, , , , , , , , , ,1, , , ,1, , ,1, , , , , , , , , , , , , , , , , , , , , ,伏兵
2010,庚,申,大田,子女,紫微, , , ,天府, , , , , ,1, , , , , , , , , , , , , , , , , , ,1, , , , , , , , , , , ,大耗
2010,辛,酉,大官,夫妻,太陰,權,祿, , , , , , , , , , ,1, , , , , , , , , ,1, , , , , , , , , , , , , ,1,科, , ,病符
2010,壬,戌,大僕,兄弟,貪狼,祿, , , , , , , , , , , , , , , , , , , , , , , , , , , , , , , , , , , , , , , ,喜神
2010,癸,亥,大遷,命宮,巨門, ,忌, , , , , , , , , , , , , , , , , , , , , , , , , , , , , , , , , , , , , , ,蜚廉
2011,甲,子,大疾,父母,廉貞, , , ,天相, , , , , , , , , , , , , , , , , ,1, , , , , , , , , , , , , , , , , , ,奏書
2011,乙,丑,大財,福德,天梁, , , , , , , , , , , , , , , , , , , , , , , , , , , , , , , , , , , , , , , , ,將軍
2011,甲,寅,大子,田宅,七殺, , , , , , , , , , , , , , , , , ,1, , , , , , , , , , , , , , , , , , , , , , ,小耗
2011,乙,卯,大夫,官祿,天同, ,權, , , , , , , , , , , , , , , , , ,1,1, , , , , , , , , , , , , , , , , , , ,青龍
2011,丙,辰,大兄,僕役,武曲, , , , , , , , , , , , , ,1, , , , , , , , , , , , , , , , , , , , , , , , , , ,力士
2011,丁,巳,大命,遷移,太陽, , ,權, , , , ,1, , , , , , ,1, , , , , , , , , , , , , , , , , , , , , , , , , ,博士
2011,戊,午,大父,疾厄,破軍, , , , , , , , ,1, ,1, , , , , ,1, , , , , , ,1,1, , ,忌, , , , , , , , , , , , ,官符
2011,己,未,大福,財帛,天機,忌,科, , , , , , , , , ,1, , , , , , ,1, , , , , , , , , , , , , , , , , , , , , ,伏兵
2011,庚,申,大田,子女,紫微, , , ,天府, , , , , , , , , , , ,1, , , , , , , , , , , , ,1, , ,科, , , , , , , , ,大耗
2011,辛,酉,大官,夫妻,太陰,權,祿, , , , , , , ,1, , , , , , , , , , , , ,1, , , , , , , , , , , , , ,1,科, , ,病符
2011,壬,戌,大僕,兄弟,貪狼,祿, , , , , , , , , , , ,1, , , , , , , , , , , , , , , , , , , , , , , , , , , ,喜神
2011,癸,亥,大遷,命宮,巨門, ,忌,祿, , , , , , , , , , , , , , , , , , , , , , , , , , , , , , , , , , , , , ,蜚廉
2012,甲,子,大疾,父母,廉貞, , , ,天相, , , , , , , , ,1, , , , , , , , , , , , , , , , , , , , , , , , , , , ,奏書
2012,乙,丑,大財,福德,天梁, , ,祿, , , , , , , , , , , , , , , , , , , , , , , , , , , , , , , , , , , , , ,將軍
2012,甲,寅,大子,田宅,七殺, , , , , , , , , , , , , , , , , ,1, , , , , , , , , , , , , , , , , , , , , , ,小耗
2012,乙,卯,大夫,官祿,天同, ,權, , , , , , , , , , , , , , , , , ,1,1, , , , , , , , , , , , , , , , , , , ,青龍
2012,丙,辰,大兄,僕役,武曲, , ,忌, , , , , , , , , , ,1, , , , , , , , , , , , , , , , , , , , , , , , , , ,力士
2012,丁,巳,大命,遷移,太陽, , , , , , , ,1, , , , , , ,1, , , , , , , , ,1, , , , , , , , ,1, , ,科, , , , ,博士
2012,戊,午,大父,疾厄,破軍, , , , , , , , ,1, ,1, , , , , ,1, , , , , , , ,1, , , , , , , , , , , , , , , ,官符
2012,己,未,大福,財帛,天機,忌,科, , , , , , , , , ,1, , , , , , ,1, , , , , , , , , , , , , , , , , , , , , ,伏兵
2012,庚,申,大田,子女,紫微, , ,權,天府, , , , , , , , , , , , , , , , , , , , , , , , ,1, , , , , , , , , , , ,大耗
2012,辛,酉,大官,夫妻,太陰,權,祿, , , , , , , , , , , , , , , , , , , , ,1, , , , , , , , , , , , , ,1,科, , ,病符
2012,壬,戌,大僕,兄弟,貪狼,祿, , , , , , , , , , , , , , ,1, , , , , , , , , , , , , , , , , , , , , , , , ,喜神
2012,癸,亥,大遷,命宮,巨門, ,忌, , , , , , , ,1, , , , , , , , , , , , , , , , , , , , , , , , , , , , , , ,蜚廉
2013,甲,子,大疾,父母,廉貞, , , ,天相, , , , , ,1, , , , , , , , , , , , , , , , , , , , , , , , , , , , , , ,奏書
2013,乙,丑,大財,福德,天梁, , , , , , , , , , , , ,1, , , , , , , , , , , , , , , , , , , , , , , , , , , ,將軍
2013,甲,寅,大子,田宅,七殺, , , , , , , , , , , , , , , , , ,1, , , , , , , , , , , , , , , , , , , , , , ,小耗
2013,乙,卯,大夫,官祿,天同, ,權, , , , , , , , , , , , , , , , , ,1,1, , , , , , , , , , , , , , , , , , , ,青龍
2013,丙,辰,大兄,僕役,武曲, , , , , , , , , , , , , ,1, , , , , , , , , ,1, , , , , , , , , , , , , , , , ,力士
2013,丁,巳,大命,遷移,太陽, , , , , , , ,1, , , , , , ,1, , , , , , , , , , , , , , , , , , , , , , , , , ,博士
2013,戊,午,大父,疾厄,破軍, , ,祿, , , , , ,1, ,1, , , , , ,1, , , , , , , ,1, , , , , , , , , , , , , , , ,官符
2013,己,未,大福,財帛,天機,忌,科, , , , , , , , , ,1, , , , , , ,1, , , , , , , , , , , , , , , , , , , , , ,伏兵
2013,庚,申,大田,子女,紫微, , , ,天府, , , , , , , , , , , , , , , , , , , , , , , , ,1, , , , , , , , , , , ,大耗
2013,辛,酉,大官,夫妻,太陰,權,祿,科, , , , , , , , , , , , , , , , , , , ,1, , , , , , , , , , , , , ,1,科, , ,病符
2013,壬,戌,大僕,兄弟,貪狼,祿, ,忌, , , , , , , , , , , , , , , , , , ,1, , , , , , , , , , , , , , , , , , ,喜神
2013,癸,亥,大遷,命宮,巨門, ,忌,權, , , , , , , , , , , , ,1, , , , , , , , , , , , , , , , , , , , , , , , ,蜚廉
2014,甲,子,大疾,父母,廉貞, , ,祿,天相, , , , , , , , , , , , , , , , , , , , , , , , , , , , , , , , , , , , ,奏書
2014,乙,丑,大財,福德,天梁, , , , , , , , , , , , , , , ,1, , , , , , , , , , , , , , , , , , , , , , , , ,將軍
2014,甲,寅,大子,田宅,七殺, , , , , , , , , ,1, , , , , , , ,1, , , , , , , , , , , , , , , , , , , , , , ,小耗
2014,乙,卯,大夫,官祿,天同, ,權, , , , , , , , , , ,1, , , , , , ,1,1, , , , , , , , , , , , , , , , , , , ,青龍
2014,丙,辰,大兄,僕役,武曲, , ,科, , , , , , , , , , ,1, , , , , , , , , , , , , , , , , , , , , , , , , , ,力士
2014,丁,巳,大命,遷移,太陽, , ,忌, , , , ,1, , , , , , ,1, , , , , , , , , , , , , , , , , , , , , , , , , ,博士
2014,戊,午,大父,疾厄,破軍, , ,權, , , , , ,1, ,1, , , , , ,1, , , , , , , ,1, , , , , , , , , , , , , , , ,官符
2014,己,未,大福,財帛,天機,忌,科, , , , , , , , , ,1, , , , , , ,1, , , , , , , , , , , , , , , , , , , , , ,伏兵
2014,庚,申,大田,子女,紫微, , , ,天府, , , , , , , , , , , , , , , , , , , , , , , , ,1, , , , , , , , , , , ,大耗
2014,辛,酉,大官,夫妻,太陰,權,祿, , , , , , , , , , , , , , , , , , , ,1,1, , , , , , , , , , , , , ,1,科, , ,病符
2014,壬,戌,大僕,兄弟,貪狼,祿, , , , , , , , , , , , , , , , , , , , , , , , , , , , , , , , , , , , , , , ,喜神
2014,癸,亥,大遷,命宮,巨門, ,忌, , , , , , , , , , , , , , , , , , , , , , , , , , , , , , , , , , , , , , ,蜚廉
2015,甲,子,大疾,父母,廉貞, , , ,天相, , , , , , , , , , , , , , , , , , , , , , , , , , , , , , , , , , , , ,奏書
2015,乙,丑,大財,福德,天梁, , ,權, , , , , , , , , , , , , , , , , , , , , , , , , , , , , , , , , , , , , ,將軍
2015,甲,寅,大子,田宅,七殺, , , , , , , , , , , , , , , ,1, ,1, , , , , , , , , , , , , , , , , , , , , , ,小耗
2015,乙,卯,大夫,官祿,天同, ,權, , , , , , , ,1, , , , , , , , , ,1,1, , , , , , , , , , , , , , , , , , , ,青龍
2015,丙,辰,大兄,僕役,武曲, , , , , , , , , , , , ,1,1, , , , , , , , , , , , , , , , , , , , , , , , , , ,力士
2015,丁,巳,大命,遷移,太陽, , , , , , , ,1, , , , , , ,1, , , , , , , , , , , , , , , , , , , , , , , , , ,博士
2015,戊,午,大父,疾厄,破軍, , , , , , , , ,1, ,1, , , , , ,1, , , , , , , ,1, , , , , , , , , , , , , , , ,官符
2015,己,未,大福,財帛,天機,忌,科,祿, , , , , , , , ,1, , , , , , ,1, , , , , , , , , , , , , , , , , , , , , ,伏兵
2015,庚,申,大田,子女,紫微, , ,科,天府, , , , , , , , , , , , , , , , , ,1, , , , , , ,1, , , , , , , , , , , ,大耗
2015,辛,酉,大官,夫妻,太陰,權,祿,忌, , , , , , , , , , , , , , , , , , , ,1, , , , , , , , , , , , , ,1,科, , ,病符
2015,壬,戌,大僕,兄弟,貪狼,祿, , , , , , , , , , , , , , , , , , , , , , , , , , , , , , , , , , , , , , , ,喜神
2015,癸,亥,大遷,命宮,巨門, ,忌, , , , , , , , , , , , , , , , , , , , , , , , , , , , , , , , , , , , , , ,蜚廉
2016,甲,子,大疾,父母,廉貞, , ,忌,天相, , , , , , , , , , , , , , , , , , , , , , , , , , , , , , , , , , , , ,奏書
2016,乙,丑,大財,福德,天梁, , , , , , , , , , , , , , , , , , , , , , , ,1, , , , , , , , , , , , , , , , ,將軍
2016,甲,寅,大子,田宅,七殺, , , , , , , , , , , , , , , , , ,1, , , , , , , , , , , , , , , , , , , , , , ,小耗
2016,乙,卯,大夫,官祿,天同, ,權,祿, , , , , , , , , , , , , , , , ,1,1, , , , , , , , , , , , , , , , , , , ,青龍
2016,丙,辰,大兄,僕役,武曲, , , , , , , , , , , , , ,1, ,1, , , , , , , , , , , , , , , , , , , , , , , , ,力士
2016,丁,巳,大命,遷移,太陽, , , , , , , ,1, ,1, , , , ,1, , , , , , , , , , , , , , , , , , , , , , , , , ,博士
2016,戊,午,大父,疾厄,破軍, , , , , , , , ,1, ,1, ,1, , , ,1, , , , , , , ,1, , ,科, , , , , , , , , , , , ,官符
2016,己,未,大福,財帛,天機,忌,科,權, , , , , , , , ,1, , , , , , ,1, , ,1, , , , , , , , , , , , , , , , , , ,伏兵
2016,庚,申,大田,子女,紫微, , , ,天府, , , , , , , , , , , , , , , , , , , , , , , , ,1, , , , , , , , , , , ,大耗
2016,辛,酉,大官,夫妻,太陰,權,祿, , , , , , , , , , , , , , , , , , , , ,1, , , , , , , , , , , , , ,1,科, , ,病符
2016,壬,戌,大僕,兄弟,貪狼,祿, , , , , , , , , , , , , , , , , , , , , , , , , , , , , , , , , , , , , , , ,喜神
2016,癸,亥,大遷,命宮,巨門, ,忌, , , , , , , , , , , , , , , , , , , , , , , , , , , , , , , , , , , , , , ,蜚廉
2017,甲,子,大疾,父母,廉貞, , , ,天相, , , , , , , , , , , , , , , , , , , ,1, , , , , , , , , , , , , , , , ,奏書
2017,乙,丑,大財,福德,天梁, , , , , , , , , , , , , , , , , , , , , , , , , , , , , , , , , , , , , , , , ,將軍
2017,甲,寅,大子,田宅,七殺, , , , , , , , , , , , , , , , , ,1, , , , , , , , , , , , , , , , , , , , , , ,小耗
2017,乙,卯,大夫,官祿,天同, ,權,權, , , , , , , , , , , , , , , , ,1,1, , , , , , , , , , , , , , , , , , , ,青龍
2017,丙,辰,大兄,僕役,武曲, , , , , , , , , , , , , ,1, , , , , , , , , , , , , , , , , , , , , , , , , , ,力士
2017,丁,巳,大命,遷移,太陽, , , , , , , ,1, , , , , , ,1,1, , , , , , , , , , , , , , , , , , , , , , , , ,博士
2017,戊,午,大父,疾厄,破軍, , , , , , , , ,1,1,1, , , , , ,1, , , , , , , ,1, , , , , , , , , , , , , , , ,官符
2017,己,未,大福,財帛,天機,忌,科,科, , , , , , , , ,1,1, , , , , ,1, , , , , , , , , , , , , , , , , , , , , ,伏兵
2017,庚,申,大田,子女,紫微, , , ,天府, , , , , , , , , , , , , , , , , , , , , , , , ,1, , , , , , , , , , , ,大耗
2017,辛,酉,大官,夫妻,太陰,權,祿,祿, , , , , , , , , , , , , , , , , , , ,1, , , , , , , , , , , , , ,1,科, , ,病符
2017,壬,戌,大僕,兄弟,貪狼,祿, , , , , , , , , , , , , , , , , , , , , , , , , , , , , , , , , , , , , , , ,喜神
2017,癸,亥,大遷,命宮,巨門, ,忌,忌, , , , , , , , , , , , , , , , , , , , , , , , , , , , , , , , , , , , , ,蜚廉
2018,甲,子,大疾,父母,廉貞, , , ,天相, , , , , , , , , , , , , , , , , , , , , , , , , , , , , , , , , , , , ,奏書
2018,乙,丑,大財,福德,天梁, , , , , , , , , , , , , , , , , , , , , , , , , , , , , , , , , , , , , , , , ,將軍
2018,甲,寅,大子,田宅,七殺, , , , , , , , , , , , , , , , , ,1, , , , , , , , , , , , , , , , , , , , , , ,小耗
2018,乙,卯,大夫,官祿,天同, ,權, , , , , , , , , , , , , , , , , ,1,1, , , , , , , , , , , , , , , , , , , ,青龍
2018,丙,辰,大兄,僕役,武曲, , , , , , , , , , , , , ,1, ,1, , , , , , , , , , , , , , , , , , , , , , , , ,力士
2018,丁,巳,大命,遷移,太陽, , , , , , , ,1, ,1, , , , ,1, , , , , , , , , , , , , , , , , , , , , , , , , ,博士
2018,戊,午,大父,疾厄,破軍, , , , , , , , ,1, ,1, ,1, , , ,1, , , , , , , ,1, , , , , , , , , , , , , , , ,官符
2018,己,未,大福,財帛,天機,忌,科,忌, , , , , , , , ,1, , , , , , ,1, , , , , , , , , , , , , , , , , , , , , ,伏兵
2018,庚,申,大田,子女,紫微, , , ,天府, , , , , , , , , , , , , , , , , , , , , , , , ,1, , , , , , , , , , , ,大耗
2018,辛,酉,大官,夫妻,太陰,權,祿,權, , , , , , , , , , , , , , , , , , , ,1, , , , , , , , , , , , , ,1,科, ,科,病符
2018,壬,戌,大僕,兄弟,貪狼,祿, ,祿, , , , , , , , , , , , , , , , , , , , , , , , , , , , , , , , , , , , , ,喜神
2018,癸,亥,大遷,命宮,巨門, ,忌, , , , , , , , , , , , , , , , , , , , , ,1, , , , , , , , , , , , , , , , ,蜚廉
2019,甲,子,大疾,父母,廉貞, , , ,天相, , , , , , , , , , , , , , , , , , , , , , , , , , , , , , , , , , , , ,奏書
2019,乙,丑,大財,福德,天梁, , ,科, , , , , , , , , , , , , , , , , , , , , , , , , , , , , , , , , , , , , ,將軍
2019,甲,寅,大子,田宅,七殺, , , , , , , , , , , , , , , , , ,1, , , , , , , , , , , , , , , , , , , , , , ,小耗
2019,乙,卯,大夫,官祿,天同, ,權, , , , , , , , , , , , , , , , , ,1,1, , , , , , , , , , , , , , , , , , , ,青龍
2019,丙,辰,大兄,僕役,武曲, , ,祿, , , , , , , , , , ,1, , , , , , , ,1, , , , , , , , , , , , , , , , , , ,力士
2019,丁,巳,大命,遷移,太陽, , , , , , , ,1, , , , , , ,1,1, , , , , , , , , , , , , , , , , , , , , , , , ,博士
2019,戊,午,大父,疾厄,破軍, , , , , , , , ,1,1,1, , , , , ,1, , , , , , , ,1, , , , , , , , , , , , , , , ,官符
2019,己,未,大福,財帛,天機,忌,科, , , , , , , , , ,1,1, , , , , ,1, , , , , , , , , , , , , , , , , , , , , ,伏兵
2019,庚,申,大田,子女,紫微, , , ,天府, , , , , , , , , , , , , , , , , , , , , , , , ,1, , ,忌, , , , , , , , ,大耗
2019,辛,酉,大官,夫妻,太陰,權,祿, , , , , , , , , , , , , , , , , , , , ,1, , , , , , , , , , , , , ,1,科, , ,病符
2019,壬,戌,大僕,兄弟,貪狼,祿, ,權, , , , , , , , , , , , , , , , , , , , ,1, , , , , , , , , , , , , , , , ,喜神
2019,癸,亥,大遷,命宮,巨門, ,忌, , , , , , , , , , , , , , , , , , , , , , , , , , , , , , , , , , , , , , ,蜚廉
8限,甲,子,大財,父母,廉貞, ,忌, ,天相, , , , , , , , , , , , , , , , , , , , , , , , , , , , , , , , , , , , ,奏書
8限,乙,丑,大子,福德,天梁, , , , , , , , , , , , , , , , , , , , , , , , , , , , , , , , , , , , , , , , ,將軍
8限,甲,寅,大夫,田宅,七殺, , , , , , , , , , , , , , , , , ,1, , , , , , , , , , , , , , , , , , , , , , ,小耗
8限,乙,卯,大兄,官祿,天同, ,祿, , , , , , , , , , , , , , , , , ,1,1, , , , , , , , , , , , , , , , , , , ,青龍
8限,丙,辰,大命,僕役,武曲, , , , , , , , , , , , , ,1,1, , , , , , , , , , , , , , , , , , , , , , , , , ,力士
8限,丁,巳,大父,遷移,太陽, , , , , , , ,1,1, , , , , , , , , , , , , , , , , , , , , , , , , , , , , , , ,博士
8限,戊,午,大福,疾厄,破軍, , , , , , , , , , ,1,1, , , , ,1, , , , , , , ,1, ,科, , , , , , , , , , , , , ,官符
8限,己,未,大田,財帛,天機,忌,權, , , , , , , , , , , , , , , , ,1, , , , , , , , , , , , , , , , , , , , , ,伏兵
8限,庚,申,大官,子女,紫微, , , ,天府, , , , , , , , , , , , , , , , , , , , , , , , ,1, , , , , , , , , , , ,大耗
8限,辛,酉,大僕,夫妻,太陰,權, , , , , , , , , , , , , , , , , , , , , ,1, , , , , , , , , , , , , ,1,科, , ,病符
8限,壬,戌,大遷,兄弟,貪狼,祿, , , , , , , , , , , , , , , , , , , , , , , , , , , , , , , , , , , , , , , ,喜神
8限,癸,亥,大疾,命宮,巨門, , , , , , , , , , , , , , , , , , , , , , , , , , , , , , , , , , , , , , , , ,蜚廉
2020,甲,子,大財,父母,廉貞, ,忌, ,天相, , ,忌, , , , , , , , , , , , , , , , , , , , , , , , , , , , , , , , , ,奏書
2020,乙,丑,大子,福德,天梁, , , , , , , , , , , , , , , , , , , , , , , , , , , , , , , , , , , , , , , , ,將軍
2020,甲,寅,大夫,田宅,七殺, , , , , , , , , , , , , , , , , ,1, , , , , , , , , , , , , , , , , , , , , , ,小耗
2020,乙,卯,大兄,官祿,天同, ,祿,科, , , , , , , , , , , , , , , , ,1,1,1, , , , , , , , , , , , , , , , , , ,青龍
2020,丙,辰,大命,僕役,武曲, , ,權, , , , , , , , , , ,1,1, , , , , , , , , , , , , , , , , , , , , , , , , ,力士
2020,丁,巳,大父,遷移,太陽, , ,祿, , , , ,1,1, , , , , , , , , , , , , , , , , , , , , , , , , , , , , , , ,博士
2020,戊,午,大福,疾厄,破軍, , , , , , , , , , ,1,1, , , , ,1, , , , , , , ,1, ,科, , , , , , , , , , , , , ,官符
2020,己,未,大田,財帛,天機,忌,權, , , , , , , , , , , , , ,1, , ,1, , , , , , , , , , , , , , , , , , , , , ,伏兵
2020,庚,申,大官,子女,紫微, , , ,天府, , , , , ,1, , , , , , , , , , , , , , , , , , ,1, , , , , , , , , , , ,大耗
2020,辛,酉,大僕,夫妻,太陰,權, , , , , , , , , , , ,1, , , , , , , , , ,1, , , , , , , , , , , , , ,1,科, , ,病符
2020,壬,戌,大遷,兄弟,貪狼,祿, , , , , , , , , , , , , , , , , , , , , , , , , , , , , , , , , , , , , , , ,喜神
2020,癸,亥,大疾,命宮,巨門, , , , , , , , , , , , , , , , , , , , , , , , , , , , , , , , , , , , , , , , ,蜚廉
2021,甲,子,大財,父母,廉貞, ,忌, ,天相, , , , , , , , , , , , , , , , , , , , , , , , , , , , , , , , , , , , ,奏書
2021,乙,丑,大子,福德,天梁, , , , , , , , , , , , , , , , , , , , , , , , , , , , , , , , , , , , , , , , ,將軍
2021,甲,寅,大夫,田宅,七殺, , , , , , , , , , , , , , , , , ,1, , , ,1, , , , , , , , , , , , , , , , , , ,小耗
2021,乙,卯,大兄,官祿,天同, ,祿, , , , , , , , , , , , , , , , , ,1,1, , , , , , , , , , , , , , , , , , , ,青龍
2021,丙,辰,大命,僕役,武曲, , , , , , , , , , , , , ,1,1, , , , , , , , , , , , , , , , , , , , , , , , , ,力士
2021,丁,巳,大父,遷移,太陽, , ,權, , , , ,1,1, , , , , , , , , , , , , , , , , , , , , , , , , , , , , , , ,博士
2021,戊,午,大福,疾厄,破軍, , , , , , , , , , ,1,1, , , , ,1, , , , , , , ,1, ,科,忌, , , , , , , , , , , , ,官符
2021,己,未,大田,財帛,天機,忌,權, , , , , , , , , , , , , , , , ,1, , , , , , , , , , , , , , , , , , , , , ,伏兵
2021,庚,申,大官,子女,紫微, , , ,天府, , , , , , , , , , , ,1, , , , , , , , , , , , ,1, , ,科, , , , , , , , ,大耗
2021,辛,酉,大僕,夫妻,太陰,權, , , , , , , , ,1, , , , , , , , , , , , ,1, , , , , , , , , , , , , ,1,科, , ,病符
2021,壬,戌,大遷,兄弟,貪狼,祿, , , , , , , , , , , ,1, , , , , , , , , , , , , , , , , , , , , , , , , , , ,喜神
2021,癸,亥,大疾,命宮,巨門, , ,祿, , , , , , , , , , , , , , , , , , , , , , , , , , , , , , , , , , , , , ,蜚廉
2022,甲,子,大財,父母,廉貞, ,忌, ,天相, , , , , , , , ,1, , , , , , , , , , , , , , , , , , , , , , , , , , , ,奏書
2022,乙,丑,大子,福德,天梁, , ,祿, , , , , , , , , , , , , , , , , , ,1, , , , , , , , , , , , , , , , , , ,將軍
2022,甲,寅,大夫,田宅,七殺, , , , , , , , , , , , , , , , , ,1, , , , , , , , , , , , , , , , , , , , , , ,小耗
2022,乙,卯,大兄,官祿,天同, ,祿, , , , , , , , , , , , , , , , , ,1,1, , , , , , , , , , , , , , , , , , , ,青龍
2022,丙,辰,大命,僕役,武曲, , ,忌, , , , , , , , , , ,1,1, , , , , , , , , , , , , , , , , , , , , , , , , ,力士
2022,丁,巳,大父,遷移,太陽, , , , , , , ,1,1, , , , , , , , , , , , , , , , , , , , , , , ,1, , ,科, , , , ,博士
2022,戊,午,大福,疾厄,破軍, , , , , , , , , , ,1,1, , , , ,1, , , , , , , ,1, ,科, , , , , , , , , , , , , ,官符
2022,己,未,大田,財帛,天機,忌,權, , , , , , , , , , , , , , , , ,1, , , , ,1, , , , , , , , , , , , , , , , ,伏兵
2022,庚,申,大官,子女,紫微, , ,權,天府, , , , , , , , , , , , , , , , , , , , , , , , ,1, , , , , , , , , , , ,大耗
2022,辛,酉,大僕,夫妻,太陰,權, , , , , , , , , , , , , , , , , , , , , ,1, , , , , , , , , , , , , ,1,科, , ,病符
2022,壬,戌,大遷,兄弟,貪狼,祿, , , , , , , , , , , , , , ,1, , , , , , , , , , , , , , , , , , , , , , , , ,喜神
2022,癸,亥,大疾,命宮,巨門, , , , , , , , , ,1, , , , , , , , , , , , , , , , , , , , , , , , , , , , , , ,蜚廉
2023,甲,子,大財,父母,廉貞, ,忌, ,天相, , , , , ,1, , , , , , , , , , , , , , , , , , , , , , , , , , , , , , ,奏書
2023,乙,丑,大子,福德,天梁, , , , , , , , , , , , ,1, , , , , , , , , , , , , , , , , , , , , , , , , , , ,將軍
2023,甲,寅,大夫,田宅,七殺, , , , , , , , , , , , , , , , , ,1, , , , , , , , , , , , , , , , , , , , , , ,小耗
2023,乙,卯,大兄,官祿,天同, ,祿, , , , , , , , , , , , , , , , , ,1,1, , , , , , , , , , , , , , , , , , , ,青龍
2023,丙,辰,大命,僕役,武曲, , , , , , , , , , , , , ,1,1, , , , , , , , , , , , , , , , , , , , , , , , , ,力士
2023,丁,巳,大父,遷移,太陽, , , , , , , ,1,1, , , , , , , , , , , , , , , , , , , , , , , , , , , , , , , ,博士
2023,戊,午,大福,疾厄,破軍, , ,祿, , , , , , , ,1,1, , , , ,1, , , , , , ,1,1, ,科, , , , , , , , , , , , , ,官符
2023,己,未,大田,財帛,天機,忌,權, , , , , , , , , , , , , , , , ,1, , , , , , , , , , , , , , , , , , , , , ,伏兵
2023,庚,申,大官,子女,紫微, , , ,天府, , , , , , , , , , , , , , , , , , , , , , , , ,1, , , , , , , , , , , ,大耗
2023,辛,酉,大僕,夫妻,太陰,權, ,科, , , , , , , , , , , , , , , , , , , ,1, , , , , , , , , , , , , ,1,科, , ,病符
2023,壬,戌,大遷,兄弟,貪狼,祿, ,忌, , , , , , , , , , , , , , , , , , , , , , , , , , , , , , , , , , , , , ,喜神
2023,癸,亥,大疾,命宮,巨門, , ,權, , , , , , , , , , , , ,1, , , , , , , , , , , , , , , , , , , , , , , , ,蜚廉
2024,甲,子,大財,父母,廉貞, ,忌,祿,天相, , , , , , , , , , , , , , , , , , , , , , , , , , , , , , , , , , , , ,奏書
2024,乙,丑,大子,福德,天梁, , , , , , , , , , , , , , , ,1, , , , , , , , , , , , , , , , , , , , , , , , ,將軍
2024,甲,寅,大夫,田宅,七殺, , , , , , , , , ,1, , , , , , , ,1, , , , , , , , , , , , , , , , , , , , , , ,小耗
2024,乙,卯,大兄,官祿,天同, ,祿, , , , , , , , , , ,1, , , , , , ,1,1, , , , , , , , , , , , , , , , , , , ,青龍
2024,丙,辰,大命,僕役,武曲, , ,科, , , , , , , , , , ,1,1, , , , , , , , , , , , , , , , , , , , , , , , , ,力士
2024,丁,巳,大父,遷移,太陽, , ,忌, , , , ,1,1, , , , , , , , , , , , , , ,1, , , , , , , , , , , , , , , , ,博士
2024,戊,午,大福,疾厄,破軍, , ,權, , , , , , , ,1,1, , , , ,1, , , , , , , ,1, ,科, , , , , , , , , , , , , ,官符
2024,己,未,大田,財帛,天機,忌,權, , , , , , , , , , , , , , , , ,1, , , , , , , , , , , , , , , , , , , , , ,伏兵
2024,庚,申,大官,子女,紫微, , , ,天府, , , , , , , , , , , , , , , , , , , , , , , , ,1, , , , , , , , , , , ,大耗
2024,辛,酉,大僕,夫妻,太陰,權, , , , , , , , , , , , , , , , , , , , , ,1, , , , , , , , , , , , , ,1,科, , ,病符
2024,壬,戌,大遷,兄弟,貪狼,祿, , , , , , , , , , , , , , , , , , , , , , , , , , , , , , , , , , , , , , , ,喜神
2024,癸,亥,大疾,命宮,巨門, , , , , , , , , , , , , , , , , , , , , ,1, , , , , , , , , , , , , , , , , , ,蜚廉
2025,甲,子,大財,父母,廉貞, ,忌, ,天相, , , , , , , , , , , , , , , , , , , , , , , , , , , , , , , , , , , , ,奏書
2025,乙,丑,大子,福德,天梁, , ,權, , , , , , , , , , , , , , , , , , , , , , , , , , , , , , , , , , , , , ,將軍
2025,甲,寅,大夫,田宅,七殺, , , , , , , , , , , , , , , ,1, ,1, , , , , , , , , , , , , , , , , , , , , , ,小耗
2025,乙,卯,大兄,官祿,天同, ,祿, , , , , , , ,1, , , , , , , , , ,1,1, , , , , , , , , , , , , , , , , , , ,青龍
2025,丙,辰,大命,僕役,武曲, , , , , , , , , , , , ,1,1,1, , , , , , , , , , , , , , , , , , , , , , , , , ,力士
2025,丁,巳,大父,遷移,太陽, , , , , , , ,1,1, , , , , , , , , , , , , , , , , , , , , , , , , , , , , , , ,博士
2025,戊,午,大福,疾厄,破軍, , , , , , , , , , ,1,1, , , , ,1, , , , , , , ,1, ,科, , , , , , , , , , , , , ,官符
2025,己,未,大田,財帛,天機,忌,權,祿, , , , , , , , , , , , , , , ,1, , , , , , , , , , , , , , , , , , , , , ,伏兵
2025,庚,申,大官,子女,紫微, , ,科,天府, , , , , , , , , , , , , , , , , , , , , , , , ,1, , , , , , , , , , , ,大耗
2025,辛,酉,大僕,夫妻,太陰,權, ,忌, , , , , , , , , , , , , , , , , , , ,1, , , , , , , , , , , , , ,1,科, , ,病符
2025,壬,戌,大遷,兄弟,貪狼,祿, , , , , , , , , , , , , , , , , , , , ,1, , , , , , , , , , , , , , , , , , ,喜神
2025,癸,亥,大疾,命宮,巨門, , , , , , , , , , , , , , , , , , , , , , , , , , , , , , , , , , , , , , , , ,蜚廉
2026,甲,子,大財,父母,廉貞, ,忌,忌,天相, , , , , , , , , , , , , , , , , , , , , , , , , , , , , , , , , , , , ,奏書
2026,乙,丑,大子,福德,天梁, , , , , , , , , , , , , , , , , , , , , , , , , , , , , , , , , , , , , , , , ,將軍
2026,甲,寅,大夫,田宅,七殺, , , , , , , , , , , , , , , , , ,1, , , , , , , , , , , , , , , , , , , , , , ,小耗
2026,乙,卯,大兄,官祿,天同, ,祿,祿, , , , , , , , , , , , , , , , ,1,1, , ,1, , , , , , , , , , , , , , , , ,青龍
2026,丙,辰,大命,僕役,武曲, , , , , , , , , , , , , ,1,1,1, , , , , , , , , , , , , , , , , , , , , , , , ,力士
2026,丁,巳,大父,遷移,太陽, , , , , , , ,1,1,1, , , , , , , , , , , , , , , , , , , , , , , , , , , , , , ,博士
2026,戊,午,大福,疾厄,破軍, , , , , , , , , , ,1,1,1, , , ,1, , , , , , , ,1, ,科,科, , , , , , , , , , , , ,官符
2026,己,未,大田,財帛,天機,忌,權,權, , , , , , , , , , , , , , , ,1, , , , , , , , , , , , , , , , , , , , , ,伏兵
2026,庚,申,大官,子女,紫微, , , ,天府, , , , , , , , , , , , , , , , , , , , , , , , ,1, , , , , , , , , , , ,大耗
2026,辛,酉,大僕,夫妻,太陰,權, , , , , , , , , , , , , , , , , , , , ,1,1, , , , , , , , , , , , , ,1,科, , ,病符
2026,壬,戌,大遷,兄弟,貪狼,祿, , , , , , , , , , , , , , , , , , , , , , , , , , , , , , , , , , , , , , , ,喜神
2026,癸,亥,大疾,命宮,巨門, , , , , , , , , , , , , , , , , , , , , , , , , , , , , , , , , , , , , , , , ,蜚廉
2027,甲,子,大財,父母,廉貞, ,忌, ,天相, , , , , , , , , , , , , , , , , , , , , , , , , , , , , , , , , , , , ,奏書
2027,乙,丑,大子,福德,天梁, , , , , , , , , , , , , , , , , , , , , , , , , , , , , , , , , , , , , , , , ,將軍
2027,甲,寅,大夫,田宅,七殺, , , , , , , , , , , , , , , , , ,1, , , , , ,1, , , , , , , , , , , , , , , , ,小耗
2027,乙,卯,大兄,官祿,天同, ,祿,權, , , , , , , , , , , , , , , , ,1,1, , , , , , , , , , , , , , , , , , , ,青龍
2027,丙,辰,大命,僕役,武曲, , , , , , , , , , , , , ,1,1, , , , , , , , , , , , , , , , , , , , , , , , , ,力士
2027,丁,巳,大父,遷移,太陽, , , , , , , ,1,1, , , , , , ,1, , , , , , , , , , , , , , , , , , , , , , , , ,博士
2027,戊,午,大福,疾厄,破軍, , , , , , , , , ,1,1,1, , , , ,1, , , , , , , ,1, ,科, , , , , , , , , , , , , ,官符
2027,己,未,大田,財帛,天機,忌,權,科, , , , , , , , , ,1, , , , , ,1, , , , , , , , , , , , , , , , , , , , , ,伏兵
2027,庚,申,大官,子女,紫微, , , ,天府, , , , , , , , , , , , , , , , , ,1, , , , , , ,1, , , , , , , , , , , ,大耗
2027,辛,酉,大僕,夫妻,太陰,權, ,祿, , , , , , , , , , , , , , , , , , , ,1, , , , , , , , , , , , , ,1,科, , ,病符
2027,壬,戌,大遷,兄弟,貪狼,祿, , , , , , , , , , , , , , , , , , , , , , , , , , , , , , , , , , , , , , , ,喜神
2027,癸,亥,大疾,命宮,巨門, , ,忌, , , , , , , , , , , , , , , , , , , , , , , , , , , , , , , , , , , , , ,蜚廉
2028,甲,子,大財,父母,廉貞, ,忌, ,天相, , , , , , , , , , , , , , , , , , , , , , , , , , , , , , , , , , , , ,奏書
2028,乙,丑,大子,福德,天梁, , , , , , , , , , , , , , , , , , , , , , , ,1, , , , , , , , , , , , , , , , ,將軍
2028,甲,寅,大夫,田宅,七殺, , , , , , , , , , , , , , , , , ,1, , , , , , , , , , , , , , , , , , , , , , ,小耗
2028,乙,卯,大兄,官祿,天同, ,祿, , , , , , , , , , , , , , , , , ,1,1, , , , , , , , , , , , , , , , , , , ,青龍
2028,丙,辰,大命,僕役,武曲, , , , , , , , , , , , , ,1,1,1, , , , , , , , , , , , , , , , , , , , , , , , ,力士
2028,丁,巳,大父,遷移,太陽, , , , , , , ,1,1,1, , , , , , , , , , , , , , , , , , , , , , , , , , , , , , ,博士
2028,戊,午,大福,疾厄,破軍, , , , , , , , , , ,1,1,1, , , ,1, , , , , , , ,1, ,科, , , , , , , , , , , , , ,官符
2028,己,未,大田,財帛,天機,忌,權,忌, , , , , , , , , , , , , , , ,1, , ,1, , , , , , , , , , , , , , , , , , ,伏兵
2028,庚,申,大官,子女,紫微, , , ,天府, , , , , , , , , , , , , , , , , , , , , , , , ,1, , , , , , , , , , , ,大耗
2028,辛,酉,大僕,夫妻,太陰,權, ,權, , , , , , , , , , , , , , , , , , , ,1, , , , , , , , , , , , , ,1,科, ,科,病符
2028,壬,戌,大遷,兄弟,貪狼,祿, ,祿, , , , , , , , , , , , , , , , , , , , , , , , , , , , , , , , , , , , , ,喜神
2028,癸,亥,大疾,命宮,巨門, , , , , , , , , , , , , , , , , , , , , , , , , , , , , , , , , , , , , , , , ,蜚廉
2029,甲,子,大財,父母,廉貞, ,忌, ,天相, , , , , , , , , , , , , , , , , , , ,1, , , , , , , , , , , , , , , , ,奏書
2029,乙,丑,大子,福德,天梁, , ,科, , , , , , , , , , , , , , , , , , , , , , , , , , , , , , , , , , , , , ,將軍
2029,甲,寅,大夫,田宅,七殺, , , , , , , , , , , , , , , , , ,1, , , , , , , , , , , , , , , , , , , , , , ,小耗
2029,乙,卯,大兄,官祿,天同, ,祿, , , , , , , , , , , , , , , , , ,1,1, , , , , , , , , , , , , , , , , , , ,青龍
2029,丙,辰,大命,僕役,武曲, , ,祿, , , , , , , , , , ,1,1, , , , , , , , , , , , , , , , , , , , , , , , , ,力士
2029,丁,巳,大父,遷移,太陽, , , , , , , ,1,1, , , , , , ,1, , , , , , , , , , , , , , , , , , , , , , , , ,博士
2029,戊,午,大福,疾厄,破軍, , , , , , , , , ,1,1,1, , , , ,1, , , , , , , ,1, ,科, , , , , , , , , , , , , ,官符
2029,己,未,大田,財帛,天機,忌,權, , , , , , , , , , ,1, , , , , ,1, , , , , , , , , , , , , , , , , , , , , ,伏兵
2029,庚,申,大官,子女,紫微, , , ,天府, , , , , , , , , , , , , , , , , , , , , , , , ,1, , ,忌, , , , , , , , ,大耗
2029,辛,酉,大僕,夫妻,太陰,權, , , , , , , , , , , , , , , , , , , , , ,1, , , , , , , , , , , , , ,1,科, , ,病符
2029,壬,戌,大遷,兄弟,貪狼,祿, ,權, , , , , , , , , , , , , , , , , , , , , , , , , , , , , , , , , , , , , ,喜神
2029,癸,亥,大疾,命宮,巨門, , , , , , , , , , , , , , , , , , , , , , , , , , , , , , , , , , , , , , , , ,蜚廉
9限,甲,子,大子,父母,廉貞, , , ,天相, , , , , , , , , , , , , , , , , , , , , , , , , , , , , , , , , , , , ,奏書
9限,乙,丑,大夫,福德,天梁, ,權, , , , , , , , , , , , , , , , , , , , , , , , , , , , , , , , , , , , , , ,將軍
9限,甲,寅,大兄,田宅,七殺, , , , , , , , , , , , , , ,1, , ,1, , , , , , , , , , , , , , , , , , , , , , ,小耗
9限,乙,卯,大命,官祿,天同, , , , , , , , ,1, , , , , , , , , , ,1,1, , , , , , , , , , , , , , , , , , , ,青龍
9限,丙,辰,大父,僕役,武曲, , , , , , , , , , , ,1, ,1, , , , , , , , , , , , , , , , , , , , , , , , , , ,力士
9限,丁,巳,大福,遷移,太陽, , , , , , , ,1, , , , , , , , , , , , , , , , , , , , , , , , , , , , , , , , ,博士
9限,戊,午,大田,疾厄,破軍, , , , , , , , , , ,1, , , , , ,1, , , , , , , ,1, , , , , , , , , , , , , , , ,官符
9限,己,未,大官,財帛,天機,忌,祿, , , , , , , , , , , , , , , , ,1, , , , , , , , , , , , , , , , , , , , , ,伏兵
9限,庚,申,大僕,子女,紫微, ,科, ,天府, , , , , , , , , , , , , , , , , , , , , , , , ,1, , , , , , , , , , , ,大耗
9限,辛,酉,大遷,夫妻,太陰,權,忌, , , , , , , , , , , , , , , , , , , , ,1, , , , , , , , , , , , , ,1,科, , ,病符
9限,壬,戌,大疾,兄弟,貪狼,祿, , , , , , , , , , , , , , , , , , , , , , , , , , , , , , , , , , , , , , , ,喜神
9限,癸,亥,大財,命宮,巨門, , , , , , , , , , , , , , , , , , , , , , , , , , , , , , , , , , , , , , , , ,蜚廉
2030,甲,子,大子,父母,廉貞, , , ,天相, , ,忌, , , , , , , , , , , , , , , , , , , , , , , , , , , , , , , , , ,奏書
2030,乙,丑,大夫,福德,天梁, ,權, , , , , , , , , , , , , , , , , , , , , , , , , , , , , , , , , , , , , , ,將軍
2030,甲,寅,大兄,田宅,七殺, , , , , , , , , , , , , , ,1, , ,1, , , , , , , , , , , , , , , , , , , , , , ,小耗
2030,乙,卯,大命,官祿,天同, , ,科, , , , , ,1, , , , , , , , , , ,1,1, , , , , , , , , , , , , , , , , , , ,青龍
2030,丙,辰,大父,僕役,武曲, , ,權, , , , , , , , ,1, ,1, , , , , , , , , , , , , , , , , , , , , , , , , , ,力士
2030,丁,巳,大福,遷移,太陽, , ,祿, , , , ,1, , , , , , , , , , , , , ,1, , , , , , , , , , , , , , , , , , ,博士
2030,戊,午,大田,疾厄,破軍, , , , , , , , , , ,1, , , , , ,1, , , , , , , ,1, , , , , , , , , , , , , , , ,官符
2030,己,未,大官,財帛,天機,忌,祿, , , , , , , , , , , , , ,1, , ,1, , , , , , , , , , , , , , , , , , , , , ,伏兵
2030,庚,申,大僕,子女,紫微, ,科, ,天府, , , , , ,1, , , , , , , , , , , , , , , , , , ,1, , , , , , , , , , , ,大耗
2030,辛,酉,大遷,夫妻,太陰,權,忌, , , , , , , , , , ,1, , , , , , , , , ,1, , , , , , , , , , , , , ,1,科, , ,病符
2030,壬,戌,大疾,兄弟,貪狼,祿, , , , , , , , , , , , , , , , , , , , , , , , , , , , , , , , , , , , , , , ,喜神
2030,癸,亥,大財,命宮,巨門, , , , , , , , , , , , , , , , , , , , , , , ,1, , , , , , , , , , , , , , , , ,蜚廉
2031,甲,子,大子,父母,廉貞, , , ,天相, , , , , , , , , , , , , , , , , , , , , , , , , , , , , , , , , , , , ,奏書
2031,乙,丑,大夫,福德,天梁, ,權, , , , , , , , , , , , , , , , , , , , , , , , , , , , , , , , , , , , , , ,將軍
2031,甲,寅,大兄,田宅,七殺, , , , , , , , , , , , , , ,1, , ,1, , , , , , , , , , , , , , , , , , , , , , ,小耗
2031,乙,卯,大命,官祿,天同, , , , , , , , ,1, , , , , , , , , , ,1,1, , , , , , , , , , , , , , , , , , , ,青龍
2031,丙,辰,大父,僕役,武曲, , , , , , , , , , , ,1, ,1, , , , , , , ,1, , , , , , , , , , , , , , , , , , ,力士
2031,丁,巳,大福,遷移,太陽, , ,權, , , , ,1, , , , , , , , , , , , , , , , , , , , , , , , , , , , , , , , ,博士
2031,戊,午,大田,疾厄,破軍, , , , , , , , , , ,1, , , , , ,1, , , , , , , ,1, , ,忌, , , , , , , , , , , , ,官符
2031,己,未,大官,財帛,天機,忌,祿, , , , , , , , , , , , , , , , ,1, , , , , , , , , , , , , , , , , , , , , ,伏兵
2031,庚,申,大僕,子女,紫微, ,科, ,天府, , , , , , , , , , , ,1, , , , , , , , , , , , ,1, , ,科, , , , , , , , ,大耗
2031,辛,酉,大遷,夫妻,太陰,權,忌, , , , , , , ,1, , , , , , , , , , , , ,1, , , , , , , , , , , , , ,1,科, , ,病符
2031,壬,戌,大疾,兄弟,貪狼,祿, , , , , , , , , , , ,1, , , , , , , , , , , , , , , , , , , , , , , , , , , ,喜神
2031,癸,亥,大財,命宮,巨門, , ,祿, , , , , , , , , , , , , , , , , , , , , , , , , , , , , , , , , , , , , ,蜚廉
2032,甲,子,大子,父母,廉貞, , , ,天相, , , , , , , , ,1, , , , , , , , , , , , , , , , , , , , , , , , , , , ,奏書
2032,乙,丑,大夫,福德,天梁, ,權,祿, , , , , , , , , , , , , , , , , , , , , , , , , , , , , , , , , , , , , ,將軍
2032,甲,寅,大兄,田宅,七殺, , , , , , , , , , , , , , ,1, , ,1, , , , , , , , , , , , , , , , , , , , , , ,小耗
2032,乙,卯,大命,官祿,天同, , , , , , , , ,1, , , , , , , , , , ,1,1,1, , , , , , , , , , , , , , , , , , ,青龍
2032,丙,辰,大父,僕役,武曲, , ,忌, , , , , , , , ,1, ,1, , , , , , , , , , , , , , , , , , , , , , , , , , ,力士
2032,丁,巳,大福,遷移,太陽, , , , , , , ,1, , , , , , , , , , , , , , , , , , , , , , , , ,1, , ,科, , , , ,博士
2032,戊,午,大田,疾厄,破軍, , , , , , , , , , ,1, , , , , ,1, , , , , , , ,1, , , , , , , , , , , , , , , ,官符
2032,己,未,大官,財帛,天機,忌,祿, , , , , , , , , , , , , , , , ,1, , , , , , , , , , , , , , , , , , , , , ,伏兵
2032,庚,申,大僕,子女,紫微, ,科,權,天府, , , , , , , , , , , , , , , , , , , , , , , , ,1, , , , , , , , , , , ,大耗
2032,辛,酉,大遷,夫妻,太陰,權,忌, , , , , , , , , , , , , , , , , , , , ,1,1, , , , , , , , , , , , ,1,科, , ,病符
2032,壬,戌,大疾,兄弟,貪狼,祿, , , , , , , , , , , , , , ,1, , , , , , , , , , , , , , , , , , , , , , , , ,喜神
2032,癸,亥,大財,命宮,巨門, , , , , , , , , ,1, , , , , , , , , , , , , , , , , , , , , , , , , , , , , , ,蜚廉
2033,甲,子,大子,父母,廉貞, , , ,天相, , , , , ,1, , , , , , , , , , , , , , , , , , , , , , , , , , , , , , ,奏書
2033,乙,丑,大夫,福德,天梁, ,權, , , , , , , , , , ,1, , , , , , , , , , , , , , , , , , , , , , , , , , , ,將軍
2033,甲,寅,大兄,田宅,七殺, , , , , , , , , , , , , , ,1, , ,1, , , ,1, , , , , , , , , , , , , , , , , , ,小耗
2033,乙,卯,大命,官祿,天同, , , , , , , , ,1, , , , , , , , , , ,1,1, , , , , , , , , , , , , , , , , , , ,青龍
2033,丙,辰,大父,僕役,武曲, , , , , , , , , , , ,1, ,1, , , , , , , , , , , , , , , , , , , , , , , , , , ,力士
2033,丁,巳,大福,遷移,太陽, , , , , , , ,1, , , , , , , , , , , , , , , , , , , , , , , , , , , , , , , , ,博士
2033,戊,午,大田,疾厄,破軍, , ,祿, , , , , , , ,1, , , , , ,1, , , , , , , ,1, , , , , , , , , , , , , , , ,官符
2033,己,未,大官,財帛,天機,忌,祿, , , , , , , , , , , , , , , , ,1, , , , , , , , , , , , , , , , , , , , , ,伏兵
2033,庚,申,大僕,子女,紫微, ,科, ,天府, , , , , , , , , , , , , , , , , , , ,1, , , , ,1, , , , , , , , , , , ,大耗
2033,辛,酉,大遷,夫妻,太陰,權,忌,科, , , , , , , , , , , , , , , , , , , ,1, , , , , , , , , , , , , ,1,科, , ,病符
2033,壬,戌,大疾,兄弟,貪狼,祿, ,忌, , , , , , , , , , , , , , , , , , , , , , , , , , , , , , , , , , , , , ,喜神
2033,癸,亥,大財,命宮,巨門, , ,權, , , , , , , , , , , , ,1, , , , , , , , , , , , , , , , , , , , , , , , ,蜚廉
2034,甲,子,大子,父母,廉貞, , ,祿,天相, , , , , , , , , , , , , , , , , , , , , , , , , , , , , , , , , , , , ,奏書
2034,乙,丑,大夫,福德,天梁, ,權, , , , , , , , , , , , , ,1, , , , , , , , , , , , , , , , , , , , , , , , ,將軍
2034,甲,寅,大兄,田宅,七殺, , , , , , , , , ,1, , , , ,1, , ,1, , , , , , , , , , , , , , , , , , , , , , ,小耗
2034,乙,卯,大命,官祿,天同, , , , , , , , ,1, , , ,1, , , , , , ,1,1, , , , , , , , , , , , , , , , , , , ,青龍
2034,丙,辰,大父,僕役,武曲, , ,科, , , , , , , , ,1, ,1, , , , , , , , , , , , , , , , , , , , , , , , , , ,力士
2034,丁,巳,大福,遷移,太陽, , ,忌, , , , ,1, , , , , , , , , , , , , , , , , , , , , , , , , , , , , , , , ,博士
2034,戊,午,大田,疾厄,破軍, , ,權, , , , , , , ,1, , , , , ,1, , , , , , , ,1, , , , , , , , , , , , , , , ,官符
2034,己,未,大官,財帛,天機,忌,祿, , , , , , , , , , , , , , , , ,1, , , , ,1, , , , , , , , , , , , , , , , ,伏兵
2034,庚,申,大僕,子女,紫微, ,科, ,天府, , , , , , , , , , , , , , , , , , , , , , , , ,1, , , , , , , , , , , ,大耗
2034,辛,酉,大遷,夫妻,太陰,權,忌, , , , , , , , , , , , , , , , , , , , ,1, , , , , , , , , , , , , ,1,科, , ,病符
2034,壬,戌,大疾,兄弟,貪狼,祿, , , , , , , , , , , , , , , , , , , , , , , , , , , , , , , , , , , , , , , ,喜神
2034,癸,亥,大財,命宮,巨門, , , , , , , , , , , , , , , , , , , , , , , , , , , , , , , , , , , , , , , , ,蜚廉
2035,甲,子,大子,父母,廉貞, , , ,天相, , , , , , , , , , , , , , , , , ,1, , , , , , , , , , , , , , , , , , ,奏書
2035,乙,丑,大夫,福德,天梁, ,權,權, , , , , , , , , , , , , , , , , , , , , , , , , , , , , , , , , , , , , ,將軍
2035,甲,寅,大兄,田宅,七殺, , , , , , , , , , , , , , ,1,1, ,1, , , , , , , , , , , , , , , , , , , , , , ,小耗
2035,乙,卯,大命,官祿,天同, , , , , , , , ,1,1, , , , , , , , , ,1,1, , , , , , , , , , , , , , , , , , , ,青龍
2035,丙,辰,大父,僕役,武曲, , , , , , , , , , , ,1,1,1, , , , , , , , , , , , , , , , , , , , , , , , , , ,力士
2035,丁,巳,大福,遷移,太陽, , , , , , , ,1, , , , , , , , , , , , , , , , , , , , , , , , , , , , , , , , ,博士
2035,戊,午,大田,疾厄,破軍, , , , , , , , , , ,1, , , , , ,1, , , , , , ,1,1, , , , , , , , , , , , , , , ,官符
2035,己,未,大官,財帛,天機,忌,祿,祿, , , , , , , , , , , , , , , ,1, , , , , , , , , , , , , , , , , , , , , ,伏兵
2035,庚,申,大僕,子女,紫微, ,科,科,天府, , , , , , , , , , , , , , , , , , , , , , , , ,1, , , , , , , , , , , ,大耗
2035,辛,酉,大遷,夫妻,太陰,權,忌,忌, , , , , , , , , , , , , , , , , , , ,1, , , , , , , , , , , , , ,1,科, , ,病符
2035,壬,戌,大疾,兄弟,貪狼,祿, , , , , , , , , , , , , , , , , , , , , , , , , , , , , , , , , , , , , , , ,喜神
2035,癸,亥,大財,命宮,巨門, , , , , , , , , , , , , , , , , , , , , , , , , , , , , , , , , , , , , , , , ,蜚廉
2036,甲,子,大子,父母,廉貞, , ,忌,天相, , , , , , , , , , , , , , , , , , , , , , , , , , , , , , , , , , , , ,奏書
2036,乙,丑,大夫,福德,天梁, ,權, , , , , , , , , , , , , , , , , , , , , , , , , , , , , , , , , , , , , , ,將軍
2036,甲,寅,大兄,田宅,七殺, , , , , , , , , , , , , , ,1, , ,1, , , , , , , , , , , , , , , , , , , , , , ,小耗
2036,乙,卯,大命,官祿,天同, , ,祿, , , , , ,1, , , , , , , , , , ,1,1, , , , , , , , , , , , , , , , , , , ,青龍
2036,丙,辰,大父,僕役,武曲, , , , , , , , , , , ,1, ,1, ,1, , , , , , , , , , , , , , , , , , , , , , , , ,力士
2036,丁,巳,大福,遷移,太陽, , , , , , , ,1, ,1, , , , , , , , , , , , , , , , , , , , , , , , , , , , , , ,博士
2036,戊,午,大田,疾厄,破軍, , , , , , , , , , ,1, ,1, , , ,1, , , , , , , ,1, , ,科, , , , , , , , , , , , ,官符
2036,己,未,大官,財帛,天機,忌,祿,權, , , , , , , , , , , , , , , ,1, , , , , , , , , , , , , , , , , , , , , ,伏兵
2036,庚,申,大僕,子女,紫微, ,科, ,天府, , , , , , , , , , , , , , , , , , , , , , , , ,1, , , , , , , , , , , ,大耗
2036,辛,酉,大遷,夫妻,太陰,權,忌, , , , , , , , , , , , , , , , , , , , ,1, , , , , , , , , , , , , ,1,科, , ,病符
2036,壬,戌,大疾,兄弟,貪狼,祿, , , , , , , , , , , , , , , , , , , , , , , , , , , , , , , , , , , , , , , ,喜神
2036,癸,亥,大財,命宮,巨門, , , , , , , , , , , , , , , , , , , , , ,1, , , , , , , , , , , , , , , , , , ,蜚廉
2037,甲,子,大子,父母,廉貞, , , ,天相, , , , , , , , , , , , , , , , , , , , , , , , , , , , , , , , , , , , ,奏書
2037,乙,丑,大夫,福德,天梁, ,權, , , , , , , , , , , , , , , , , , , , , , , , , , , , , , , , , , , , , , ,將軍
2037,甲,寅,大兄,田宅,七殺, , , , , , , , , , , , , , ,1, , ,1, , , , , , , , , , , , , , , , , , , , , , ,小耗
2037,乙,卯,大命,官祿,天同, , ,權, , , , , ,1, , , , , , , , , , ,1,1, , , , , , , , , , , , , , , , , , , ,青龍
2037,丙,辰,大父,僕役,武曲, , , , , , , , , , , ,1, ,1, , , , , , , , , ,1, , , , , , , , , , , , , , , , ,力士
2037,丁,巳,大福,遷移,太陽, , , , , , , ,1, , , , , , , ,1, , , , , , , , , , , , , , , , , , , , , , , , ,博士
2037,戊,午,大田,疾厄,破軍, , , , , , , , , ,1,1, , , , , ,1, , , , , , , ,1, , , , , , , , , , , , , , , ,官符
2037,己,未,大官,財帛,天機,忌,祿,科, , , , , , , , , ,1, , , , , ,1, , , , , , , , , , , , , , , , , , , , , ,伏兵
2037,庚,申,大僕,子女,紫微, ,科, ,天府, , , , , , , , , , , , , , , , , , , , , , , , ,1, , , , , , , , , , , ,大耗
2037,辛,酉,大遷,夫妻,太陰,權,忌,祿, , , , , , , , , , , , , , , , , , , ,1, , , , , , , , , , , , , ,1,科, , ,病符
2037,壬,戌,大疾,兄弟,貪狼,祿, , , , , , , , , , , , , , , , , , , , ,1, , , , , , , , , , , , , , , , , , ,喜神
2037,癸,亥,大財,命宮,巨門, , ,忌, , , , , , , , , , , , , , , , , , , , , , , , , , , , , , , , , , , , , ,蜚廉
2038,甲,子,大子,父母,廉貞, , , ,天相, , , , , , , , , , , , , , , , , , , , , , , , , , , , , , , , , , , , ,奏書
2038,乙,丑,大夫,福德,天梁, ,權, , , , , , , , , , , , , , , , , , , , , , , , , , , , , , , , , , , , , , ,將軍
2038,甲,寅,大兄,田宅,七殺, , , , , , , , , , , , , , ,1, , ,1, , , , , , , , , , , , , , , , , , , , , , ,小耗
2038,乙,卯,大命,官祿,天同, , , , , , , , ,1, , , , , , , , , , ,1,1, , ,1, , , , , , , , , , , , , , , , ,青龍
2038,丙,辰,大父,僕役,武曲, , , , , , , , , , , ,1, ,1, ,1, , , , , , , , , , , , , , , , , , , , , , , , ,力士
2038,丁,巳,大福,遷移,太陽, , , , , , , ,1, ,1, , , , , , , , , , , , , , , , , , , , , , , , , , , , , , ,博士
2038,戊,午,大田,疾厄,破軍, , , , , , , , , , ,1, ,1, , , ,1, , , , , , , ,1, , , , , , , , , , , , , , , ,官符
2038,己,未,大官,財帛,天機,忌,祿,忌, , , , , , , , , , , , , , , ,1, , , , , , , , , , , , , , , , , , , , , ,伏兵
2038,庚,申,大僕,子女,紫微, ,科, ,天府, , , , , , , , , , , , , , , , , , , , , , , , ,1, , , , , , , , , , , ,大耗
2038,辛,酉,大遷,夫妻,太陰,權,忌,權, , , , , , , , , , , , , , , , , , ,1,1, , , , , , , , , , , , , ,1,科, ,科,病符
2038,壬,戌,大疾,兄弟,貪狼,祿, ,祿, , , , , , , , , , , , , , , , , , , , , , , , , , , , , , , , , , , , , ,喜神
2038,癸,亥,大財,命宮,巨門, , , , , , , , , , , , , , , , , , , , , , , , , , , , , , , , , , , , , , , , ,蜚廉
2039,甲,子,大子,父母,廉貞, , , ,天相, , , , , , , , , , , , , , , , , , , , , , , , , , , , , , , , , , , , ,奏書
2039,乙,丑,大夫,福德,天梁, ,權,科, , , , , , , , , , , , , , , , , , , , , , , , , , , , , , , , , , , , , ,將軍
2039,甲,寅,大兄,田宅,七殺, , , , , , , , , , , , , , ,1, , ,1, , , , , ,1, , , , , , , , , , , , , , , , ,小耗
2039,乙,卯,大命,官祿,天同, , , , , , , , ,1, , , , , , , , , , ,1,1, , , , , , , , , , , , , , , , , , , ,青龍
2039,丙,辰,大父,僕役,武曲, , ,祿, , , , , , , , ,1, ,1, , , , , , , , , , , , , , , , , , , , , , , , , , ,力士
2039,丁,巳,大福,遷移,太陽, , , , , , , ,1, , , , , , , ,1, , , , , , , , , , , , , , , , , , , , , , , , ,博士
2039,戊,午,大田,疾厄,破軍, , , , , , , , , ,1,1, , , , , ,1, , , , , , , ,1, , , , , , , , , , , , , , , ,官符
2039,己,未,大官,財帛,天機,忌,祿, , , , , , , , , , ,1, , , , , ,1, , , , , , , , , , , , , , , , , , , , , ,伏兵
2039,庚,申,大僕,子女,紫微, ,科, ,天府, , , , , , , , , , , , , , , , , ,1, , , , , , ,1, , ,忌, , , , , , , , ,大耗
2039,辛,酉,大遷,夫妻,太陰,權,忌, , , , , , , , , , , , , , , , , , , , ,1, , , , , , , , , , , , , ,1,科, , ,病符
2039,壬,戌,大疾,兄弟,貪狼,祿, ,權, , , , , , , , , , , , , , , , , , , , , , , , , , , , , , , , , , , , , ,喜神
2039,癸,亥,大財,命宮,巨門, , , , , , , , , , , , , , , , , , , , , , , , , , , , , , , , , , , , , , , , ,蜚廉
10限,甲,子,大夫,父母,廉貞, ,祿, ,天相, , , , , , , , , , , , , , , , , , , , , , , , , , , , , , , , , , , , ,奏書
10限,乙,丑,大兄,福德,天梁, , , , , , , , , , , , , , ,1, , , , , , , , , , , , , , , , , , , , , , , , , ,將軍
10限,甲,寅,大命,田宅,七殺, , , , , , , , ,1, , , , , , , , ,1, , , , , , , , , , , , , , , , , , , , , , ,小耗
10限,乙,卯,大父,官祿,天同, , , , , , , , , , , ,1, , , , , , , ,1,1, , , , , , , , , , , , , , , , , , , ,青龍
10限,丙,辰,大福,僕役,武曲, ,科, , , , , , , , , , , ,1, , , , , , , , , , , , , , , , , , , , , , , , , , ,力士
10限,丁,巳,大田,遷移,太陽, ,忌, , , , , ,1, , , , , , , , , , , , , , , , , , , , , , , , , , , , , , , , ,博士
10限,戊,午,大官,疾厄,破軍, ,權, , , , , , , , ,1, , , , , ,1, , , , , , , ,1, , , , , , , , , , , , , , , ,官符
10限,己,未,大僕,財帛,天機,忌, , , , , , , , , , , , , , , , , ,1, , , , , , , , , , , , , , , , , , , , , ,伏兵
10限,庚,申,大遷,子女,紫微, , , ,天府, , , , , , , , , , , , , , , , , , , , , , , , ,1, , , , , , , , , , , ,大耗
10限,辛,酉,大疾,夫妻,太陰,權, , , , , , , , , , , , , , , , , , , , , ,1, , , , , , , , , , , , , ,1,科, , ,病符
10限,壬,戌,大財,兄弟,貪狼,祿, , , , , , , , , , , , , , , , , , , , , , , , , , , , , , , , , , , , , , , ,喜神
10限,癸,亥,大子,命宮,巨門, , , , , , , , , , , , , , , , , , , , , , , , , , , , , , , , , , , , , , , , ,蜚廉
2040,甲,子,大夫,父母,廉貞, ,祿, ,天相, , ,忌, , , , , , , , , , , , , , , , , , , , , , , , , , , , , , , , , ,奏書
2040,乙,丑,大兄,福德,天梁, , , , , , , , , , , , , , ,1, , , , , , , , ,1, , , , , , , , , , , , , , , , ,將軍
2040,甲,寅,大命,田宅,七殺, , , , , , , , ,1, , , , , , , , ,1, , , , , , , , , , , , , , , , , , , , , , ,小耗
2040,乙,卯,大父,官祿,天同, , ,科, , , , , , , , ,1, , , , , , , ,1,1, , , , , , , , , , , , , , , , , , , ,青龍
2040,丙,辰,大福,僕役,武曲, ,科,權, , , , , , , , , , ,1, , , , , , , , , , , , , , , , , , , , , , , , , , ,力士
2040,丁,巳,大田,遷移,太陽, ,忌,祿, , , , ,1, , , , , , , , , , , , , , , , , , , , , , , , , , , , , , , , ,博士
2040,戊,午,大官,疾厄,破軍, ,權, , , , , , , , ,1, , , , , ,1, , , , , , , ,1, , , , , , , , , , , , , , , ,官符
2040,己,未,大僕,財帛,天機,忌, , , , , , , , , , , , , , ,1, , ,1, , , , , , , , , , , , , , , , , , , , , ,伏兵
2040,庚,申,大遷,子女,紫微, , , ,天府, , , , , ,1, , , , , , , , , , , , , , , , , , ,1, , , , , , , , , , , ,大耗
2040,辛,酉,大疾,夫妻,太陰,權, , , , , , , , , , , ,1, , , , , , , , , ,1, , , , , , , , , , , , , ,1,科, , ,病符
2040,壬,戌,大財,兄弟,貪狼,祿, , , , , , , , , , , , , , , , , , , , , , , , , , , , , , , , , , , , , , , ,喜神
2040,癸,亥,大子,命宮,巨門, , , , , , , , , , , , , , , , , , , , , , , , , , , , , , , , , , , , , , , , ,蜚廉
2041,甲,子,大夫,父母,廉貞, ,祿, ,天相, , , , , , , , , , , , , , , , , , , ,1, , , , , , , , , , , , , , , , ,奏書
2041,乙,丑,大兄,福德,天梁, , , , , , , , , , , , , , ,1, , , , , , , , , , , , , , , , , , , , , , , , , ,將軍
2041,甲,寅,大命,田宅,七殺, , , , , , , , ,1, , , , , , , , ,1, , , , , , , , , , , , , , , , , , , , , , ,小耗
2041,乙,卯,大父,官祿,天同, , , , , , , , , , , ,1, , , , , , , ,1,1, , , , , , , , , , , , , , , , , , , ,青龍
2041,丙,辰,大福,僕役,武曲, ,科, , , , , , , , , , , ,1, , , , , , , , , , , , , , , , , , , , , , , , , , ,力士
2041,丁,巳,大田,遷移,太陽, ,忌,權, , , , ,1, , , , , , , , , , , , , , , , , , , , , , , , , , , , , , , , ,博士
2041,戊,午,大官,疾厄,破軍, ,權, , , , , , , , ,1, , , , , ,1, , , , ,1, , ,1, , ,忌, , , , , , , , , , , , ,官符
2041,己,未,大僕,財帛,天機,忌, , , , , , , , , , , , , , , , , ,1, , , , , , , , , , , , , , , , , , , , , ,伏兵
2041,庚,申,大遷,子女,紫微, , , ,天府, , , , , , , , , , , ,1, , , , , , , , , , , , ,1, , ,科, , , , , , , , ,大耗
2041,辛,酉,大疾,夫妻,太陰,權, , , , , , , , ,1, , , , , , , , , , , , ,1, , , , , , , , , , , , , ,1,科, , ,病符
2041,壬,戌,大財,兄弟,貪狼,祿, , , , , , , , , , , ,1, , , , , , , , , , , , , , , , , , , , , , , , , , , ,喜神
2041,癸,亥,大子,命宮,巨門, , ,祿, , , , , , , , , , , , , , , , , , , , , , , , , , , , , , , , , , , , , ,蜚廉
2042,甲,子,大夫,父母,廉貞, ,祿, ,天相, , , , , , , , ,1, , , , , , , , , , , , , , , , , , , , , , , , , , , ,奏書
2042,乙,丑,大兄,福德,天梁, , ,祿, , , , , , , , , , , ,1, , , , , , , , , , , , , , , , , , , , , , , , , ,將軍
2042,甲,寅,大命,田宅,七殺, , , , , , , , ,1, , , , , , , , ,1, , , , , , , , , , , , , , , , , , , , , , ,小耗
2042,乙,卯,大父,官祿,天同, , , , , , , , , , , ,1, , , , , , , ,1,1, , , , , , , , , , , , , , , , , , , ,青龍
2042,丙,辰,大福,僕役,武曲, ,科,忌, , , , , , , , , , ,1, , , , , , , , , , , , , , , , , , , , , , , , , , ,力士
2042,丁,巳,大田,遷移,太陽, ,忌, , , , , ,1, , , , , , , , , , , , , ,1, , , , , , , , , , ,1, , ,科, , , , ,博士
2042,戊,午,大官,疾厄,破軍, ,權, , , , , , , , ,1, , , , , ,1, , , , , , , ,1, , , , , , , , , , , , , , , ,官符
2042,己,未,大僕,財帛,天機,忌, , , , , , , , , , , , , , , , , ,1, , , , , , , , , , , , , , , , , , , , , ,伏兵
2042,庚,申,大遷,子女,紫微, , ,權,天府, , , , , , , , , , , , , , , , , , , , , , , , ,1, , , , , , , , , , , ,大耗
2042,辛,酉,大疾,夫妻,太陰,權, , , , , , , , , , , , , , , , , , , , , ,1, , , , , , , , , , , , , ,1,科, , ,病符
2042,壬,戌,大財,兄弟,貪狼,祿, , , , , , , , , , , , , , ,1, , , , , , , , , , , , , , , , , , , , , , , , ,喜神
2042,癸,亥,大子,命宮,巨門, , , , , , , , , ,1, , , , , , , , , , , , , , , , , , , , , , , , , , , , , , ,蜚廉
2043,甲,子,大夫,父母,廉貞, ,祿, ,天相, , , , , ,1, , , , , , , , , , , , , , , , , , , , , , , , , , , , , , ,奏書
2043,乙,丑,大兄,福德,天梁, , , , , , , , , , , , ,1, ,1, , , , , , , , , , , , , , , , , , , , , , , , , ,將軍
2043,甲,寅,大命,田宅,七殺, , , , , , , , ,1, , , , , , , , ,1, , , , , , , , , , , , , , , , , , , , , , ,小耗
2043,乙,卯,大父,官祿,天同, , , , , , , , , , , ,1, , , , , , , ,1,1, , , , , , , , , , , , , , , , , , , ,青龍
2043,丙,辰,大福,僕役,武曲, ,科, , , , , , , , , , , ,1, , , , , , , ,1, , , , , , , , , , , , , , , , , , ,力士
2043,丁,巳,大田,遷移,太陽, ,忌, , , , , ,1, , , , , , , , , , , , , , , , , , , , , , , , , , , , , , , , ,博士
2043,戊,午,大官,疾厄,破軍, ,權,祿, , , , , , , ,1, , , , , ,1, , , , , , , ,1, , , , , , , , , , , , , , , ,官符
2043,己,未,大僕,財帛,天機,忌, , , , , , , , , , , , , , , , , ,1, , , , , , , , , , , , , , , , , , , , , ,伏兵
2043,庚,申,大遷,子女,紫微, , , ,天府, , , , , , , , , , , , , , , , , , , , , , , , ,1, , , , , , , , , , , ,大耗
2043,辛,酉,大疾,夫妻,太陰,權, ,科, , , , , , , , , , , , , , , , , , , ,1, , , , , , , , , , , , , ,1,科, , ,病符
2043,壬,戌,大財,兄弟,貪狼,祿, ,忌, , , , , , , , , , , , , , , , , , , , ,1, , , , , , , , , , , , , , , , ,喜神
2043,癸,亥,大子,命宮,巨門, , ,權, , , , , , , , , , , , ,1, , , , , , , , , , , , , , , , , , , , , , , , ,蜚廉
2044,甲,子,大夫,父母,廉貞, ,祿,祿,天相, , , , , , , , , , , , , , , , , , , , , , , , , , , , , , , , , , , , ,奏書
2044,乙,丑,大兄,福德,天梁, , , , , , , , , , , , , , ,1,1, , , , , , , , , , , , , , , , , , , , , , , , ,將軍
2044,甲,寅,大命,田宅,七殺, , , , , , , , ,1,1, , , , , , , ,1, , , , , , , , , , , , , , , , , , , , , , ,小耗
2044,乙,卯,大父,官祿,天同, , , , , , , , , , , ,1,1, , , , , , ,1,1, , , , , , , , , , , , , , , , , , , ,青龍
2044,丙,辰,大福,僕役,武曲, ,科,科, , , , , , , , , , ,1, , , , , , , , , , , , , , , , , , , , , , , , , , ,力士
2044,丁,巳,大田,遷移,太陽, ,忌,忌, , , , ,1, , , , , , , , , , , , , , , , , , , , , , , , , , , , , , , , ,博士
2044,戊,午,大官,疾厄,破軍, ,權,權, , , , , , , ,1, , , , , ,1, , , , , , , ,1, , , , , , , , , , , , , , , ,官符
2044,己,未,大僕,財帛,天機,忌, , , , , , , , , , , , , , , , , ,1, , , , , , , , , , , , , , , , , , , , , ,伏兵
2044,庚,申,大遷,子女,紫微, , , ,天府, , , , , , , , , , , , , , , , , , , , , , , , ,1, , , , , , , , , , , ,大耗
2044,辛,酉,大疾,夫妻,太陰,權, , , , , , , , , , , , , , , , , , , , , ,1,1, , , , , , , , , , , , ,1,科, , ,病符
2044,壬,戌,大財,兄弟,貪狼,祿, , , , , , , , , , , , , , , , , , , , , , , , , , , , , , , , , , , , , , , ,喜神
2044,癸,亥,大子,命宮,巨門, , , , , , , , , , , , , , , , , , , , , , , , , , , , , , , , , , , , , , , , ,蜚廉
2045,甲,子,大夫,父母,廉貞, ,祿, ,天相, , , , , , , , , , , , , , , , , , , , , , , , , , , , , , , , , , , , ,奏書
2045,乙,丑,大兄,福德,天梁, , ,權, , , , , , , , , , , ,1, , , , , , , , , , , , , , , , , , , , , , , , , ,將軍
2045,甲,寅,大命,田宅,七殺, , , , , , , , ,1, , , , , , ,1, ,1, , , , , , , , , , , , , , , , , , , , , , ,小耗
2045,乙,卯,大父,官祿,天同, , , , , , , , , ,1, ,1, , , , , , , ,1,1, , , , , , , , , , , , , , , , , , , ,青龍
2045,丙,辰,大福,僕役,武曲, ,科, , , , , , , , , , ,1,1, , , , , , , , , , , , , , , , , , , , , , , , , , ,力士
2045,丁,巳,大田,遷移,太陽, ,忌, , , , , ,1, , , , , , , , , , , , , , , , , , , , , , , , , , , , , , , , ,博士
2045,戊,午,大官,疾厄,破軍, ,權, , , , , , , , ,1, , , , , ,1, , , , , , , ,1, , , , , , , , , , , , , , , ,官符
2045,己,未,大僕,財帛,天機,忌, ,祿, , , , , , , , , , , , , , , ,1, , , , , , , , , , , , , , , , , , , , , ,伏兵
2045,庚,申,大遷,子女,紫微, , ,科,天府, , , , , , , , , , , , , , , , , , , ,1, , , , ,1, , , , , , , , , , , ,大耗
2045,辛,酉,大疾,夫妻,太陰,權, ,忌, , , , , , , , , , , , , , , , , , , ,1, , , , , , , , , , , , , ,1,科, , ,病符
2045,壬,戌,大財,兄弟,貪狼,祿, , , , , , , , , , , , , , , , , , , , , , , , , , , , , , , , , , , , , , , ,喜神
2045,癸,亥,大子,命宮,巨門, , , , , , , , , , , , , , , , , , , , , , , , , , , , , , , , , , , , , , , , ,蜚廉
2046,甲,子,大夫,父母,廉貞, ,祿,忌,天相, , , , , , , , , , , , , , , , , , , , , , , , , , , , , , , , , , , , ,奏書
2046,乙,丑,大兄,福德,天梁, , , , , , , , , , , , , , ,1, , , , , , ,1, , , , , , , , , , , , , , , , , , ,將軍
2046,甲,寅,大命,田宅,七殺, , , , , , , , ,1, , , , , , , , ,1, , , , , , , , , , , , , , , , , , , , , , ,小耗
2046,乙,卯,大父,官祿,天同, , ,祿, , , , , , , , ,1, , , , , , , ,1,1, , , , , , , , , , , , , , , , , , , ,青龍
2046,丙,辰,大福,僕役,武曲, ,科, , , , , , , , , , , ,1, ,1, , , , , , , , , , , , , , , , , , , , , , , , ,力士
2046,丁,巳,大田,遷移,太陽, ,忌, , , , , ,1, ,1, , , , , , , , , , , , , , , , , , , , , , , , , , , , , , ,博士
2046,戊,午,大官,疾厄,破軍, ,權, , , , , , , , ,1, ,1, , , ,1, , , , , , , ,1, , ,科, , , , , , , , , , , , ,官符
2046,己,未,大僕,財帛,天機,忌, ,權, , , , , , , , , , , , , , , ,1, , , , ,1, , , , , , , , , , , , , , , , ,伏兵
2046,庚,申,大遷,子女,紫微, , , ,天府, , , , , , , , , , , , , , , , , , , , , , , , ,1, , , , , , , , , , , ,大耗
2046,辛,酉,大疾,夫妻,太陰,權, , , , , , , , , , , , , , , , , , , , , ,1, , , , , , , , , , , , , ,1,科, , ,病符
2046,壬,戌,大財,兄弟,貪狼,祿, , , , , , , , , , , , , , , , , , , , , , , , , , , , , , , , , , , , , , , ,喜神
2046,癸,亥,大子,命宮,巨門, , , , , , , , , , , , , , , , , , , , , , , , , , , , , , , , , , , , , , , , ,蜚廉
2047,甲,子,大夫,父母,廉貞, ,祿, ,天相, , , , , , , , , , , , , , , , , ,1, , , , , , , , , , , , , , , , , , ,奏書
2047,乙,丑,大兄,福德,天梁, , , , , , , , , , , , , , ,1, , , , , , , , , , , , , , , , , , , , , , , , , ,將軍
2047,甲,寅,大命,田宅,七殺, , , , , , , , ,1, , , , , , , , ,1, , , , , , , , , , , , , , , , , , , , , , ,小耗
2047,乙,卯,大父,官祿,天同, , ,權, , , , , , , , ,1, , , , , , , ,1,1, , , , , , , , , , , , , , , , , , , ,青龍
2047,丙,辰,大福,僕役,武曲, ,科, , , , , , , , , , , ,1, , , , , , , , , , , , , , , , , , , , , , , , , , ,力士
2047,丁,巳,大田,遷移,太陽, ,忌, , , , , ,1, , , , , , , ,1, , , , , , , , , , , , , , , , , , , , , , , , ,博士
2047,戊,午,大官,疾厄,破軍, ,權, , , , , , , ,1,1, , , , , ,1, , , , , , , ,1, , , , , , , , , , , , , , , ,官符
2047,己,未,大僕,財帛,天機,忌, ,科, , , , , , , , , ,1, , , , , ,1, , , , , , , , , , , , , , , , , , , , , ,伏兵
2047,庚,申,大遷,子女,紫微, , , ,天府, , , , , , , , , , , , , , , , , , , , , , , , ,1, , , , , , , , , , , ,大耗
2047,辛,酉,大疾,夫妻,太陰,權, ,祿, , , , , , , , , , , , , , , , , , , ,1, , , , , , , , , , , , , ,1,科, , ,病符
2047,壬,戌,大財,兄弟,貪狼,祿, , , , , , , , , , , , , , , , , , , , , , , , , , , , , , , , , , , , , , , ,喜神
2047,癸,亥,大子,命宮,巨門, , ,忌, , , , , , , , , , , , , , , , , , , , , , , , , , , , , , , , , , , , , ,蜚廉
2048,甲,子,大夫,父母,廉貞, ,祿, ,天相, , , , , , , , , , , , , , , , , , , , , , , , , , , , , , , , , , , , ,奏書
2048,乙,丑,大兄,福德,天梁, , , , , , , , , , , , , , ,1, , , , , , , , , , , , , , , , , , , , , , , , , ,將軍
2048,甲,寅,大命,田宅,七殺, , , , , , , , ,1, , , , , , , , ,1, , , , , , , , , , , , , , , , , , , , , , ,小耗
2048,乙,卯,大父,官祿,天同, , , , , , , , , , , ,1, , , , , , , ,1,1, , , , , , , , , , , , , , , , , , , ,青龍
2048,丙,辰,大福,僕役,武曲, ,科, , , , , , , , , , , ,1, ,1, , , , , , , , , , , , , , , , , , , , , , , , ,力士
2048,丁,巳,大田,遷移,太陽, ,忌, , , , , ,1, ,1, , , , , , , , , , , , , , , , , , , , , , , , , , , , , , ,博士
2048,戊,午,大官,疾厄,破軍, ,權, , , , , , , , ,1, ,1, , , ,1, , , , , , , ,1, , , , , , , , , , , , , , , ,官符
2048,己,未,大僕,財帛,天機,忌, ,忌, , , , , , , , , , , , , , , ,1, , , , , , , , , , , , , , , , , , , , , ,伏兵
2048,庚,申,大遷,子女,紫微, , , ,天府, , , , , , , , , , , , , , , , , , , , , , , , ,1, , , , , , , , , , , ,大耗
2048,辛,酉,大疾,夫妻,太陰,權, ,權, , , , , , , , , , , , , , , , , , , ,1, , , , , , , , , , , , , ,1,科, ,科,病符
2048,壬,戌,大財,兄弟,貪狼,祿, ,祿, , , , , , , , , , , , , , , , , , , , , , , , , , , , , , , , , , , , , ,喜神
2048,癸,亥,大子,命宮,巨門, , , , , , , , , , , , , , , , , , , , , ,1, , , , , , , , , , , , , , , , , , ,蜚廉
2049,甲,子,大夫,父母,廉貞, ,祿, ,天相, , , , , , , , , , , , , , , , , , , , , , , , , , , , , , , , , , , , ,奏書
2049,乙,丑,大兄,福德,天梁, , ,科, , , , , , , , , , , ,1, , , , , , , , , , , , , , , , , , , , , , , , , ,將軍
2049,甲,寅,大命,田宅,七殺, , , , , , , , ,1, , , , , , , , ,1, , , , , , , , , , , , , , , , , , , , , , ,小耗
2049,乙,卯,大父,官祿,天同, , , , , , , , , , , ,1, , , , , , , ,1,1, , , , , , , , , , , , , , , , , , , ,青龍
2049,丙,辰,大福,僕役,武曲, ,科,祿, , , , , , , , , , ,1, , , , , , , , , ,1, , , , , , , , , , , , , , , , ,力士
2049,丁,巳,大田,遷移,太陽, ,忌, , , , , ,1, , , , , , , ,1, , , , , , , , , , , , , , , , , , , , , , , , ,博士
2049,戊,午,大官,疾厄,破軍, ,權, , , , , , , ,1,1, , , , , ,1, , , , , , , ,1, , , , , , , , , , , , , , , ,官符
2049,己,未,大僕,財帛,天機,忌, , , , , , , , , , , ,1, , , , , ,1, , , , , , , , , , , , , , , , , , , , , ,伏兵
2049,庚,申,大遷,子女,紫微, , , ,天府, , , , , , , , , , , , , , , , , , , , , , , , ,1, , ,忌, , , , , , , , ,大耗
2049,辛,酉,大疾,夫妻,太陰,權, , , , , , , , , , , , , , , , , , , , , ,1, , , , , , , , , , , , , ,1,科, , ,病符
2049,壬,戌,大財,兄弟,貪狼,祿, ,權, , , , , , , , , , , , , , , , , , ,1, , , , , , , , , , , , , , , , , , ,喜神
2049,癸,亥,大子,命宮,巨門, , , , , , , , , , , , , , , , , , , , , , , , , , , , , , , , , , , , , , , , ,蜚廉
